   0.0000000e+00
   8.3515568e-03
   1.8186266e-03
   3.8501457e-03
   7.5195359e-03
  -1.0378218e-05
   3.2100126e-03
   8.0342708e-03
  -2.3996003e-03
  -5.0780201e-03
   1.1834510e-03
   4.7644432e-03
  -4.3060859e-03
  -2.0068748e-03
  -3.4644638e-03
  -6.9913367e-03
   1.3220939e-03
   1.1060522e-03
  -1.0854029e-03
  -6.4324349e-03
   8.0199484e-04
  -3.7133340e-03
   3.0497103e-03
  -1.1079892e-03
  -9.9553626e-03
   4.6657315e-03
  -6.3647620e-03
  -5.2711906e-03
   4.2370199e-04
  -6.6771477e-04
   3.0961872e-03
   3.9833930e-03
  -3.0886888e-03
  -4.7581051e-04
   7.2186108e-04
   4.2735831e-05
   7.5752388e-03
  -2.5059218e-03
   7.2949356e-03
  -1.0407552e-03
   3.6274928e-03
  -2.1756806e-03
   8.2877619e-03
  -1.1621907e-03
  -7.9757948e-03
   2.2068411e-03
  -1.1429113e-03
   1.9869892e-03
   3.4821009e-03
  -5.4537169e-03
   2.7911941e-03
   1.0586540e-03
   7.6831148e-05
  -3.0779593e-04
  -1.4328403e-04
  -4.0559543e-05
  -3.1903079e-03
  -3.0221442e-03
   3.8306701e-03
  -1.2021095e-03
   1.9188018e-03
   1.6627724e-03
   5.0863317e-04
   3.9828054e-03
   1.9365517e-03
   2.0415436e-03
  -1.0157447e-02
  -6.6035543e-04
  -1.8816538e-03
  -1.3758056e-03
  -2.9564297e-03
   2.1833370e-03
   6.7349545e-03
   8.4992473e-04
  -1.8909160e-03
  -3.7042578e-03
  -6.3124554e-03
   6.5980947e-03
   2.0463373e-03
  -6.6048249e-04
   1.5769843e-03
  -5.0915548e-03
   6.5937087e-03
  -1.9987956e-03
  -4.6102882e-03
  -2.0212849e-04
   3.9156193e-03
   1.5215315e-03
  -7.6936888e-03
  -1.5551202e-03
  -1.4676060e-03
   6.3349426e-03
  -9.9463637e-04
   2.6581208e-03
  -5.6553938e-03
   3.6983325e-03
  -1.0030037e-03
   1.3988975e-03
   1.7390867e-03
   3.3692521e-03
   9.4857933e-03
  -6.4681962e-04
  -1.1333237e-03
   6.1298226e-03
   2.1760450e-03
  -6.4061664e-03
  -2.4509935e-03
   2.5787512e-03
  -3.0603883e-03
   2.7490403e-03
  -3.1678353e-03
  -3.2607370e-03
  -8.1700305e-04
  -9.0688106e-03
   2.7562948e-03
  -6.7550961e-03
   8.5740381e-04
   5.4866486e-03
   1.0509225e-03
   4.8913423e-04
   4.4869642e-04
   5.1415219e-03
   1.0935814e-02
   5.1877644e-03
  -7.0758850e-03
  -4.4437580e-04
  -6.4082635e-03
  -6.0946982e-03
   6.1262159e-03
   1.0386184e-02
  -3.6277221e-05
  -1.7142877e-04
  -4.2233331e-03
   4.2814935e-03
  -2.4593363e-03
   1.2072506e-03
  -4.2754055e-03
  -4.4908781e-03
  -6.5531010e-04
  -3.8616125e-03
  -3.5372593e-03
  -1.0347457e-03
   1.9644861e-03
   7.1744749e-03
  -1.1247555e-03
   3.3160124e-03
  -1.3101651e-03
  -6.8173960e-04
  -3.7163490e-03
  -4.0238847e-03
  -6.2775876e-03
  -5.3183928e-03
   2.0786532e-03
   4.4319666e-03
  -4.4929914e-04
  -3.8054795e-03
   1.5694258e-03
   3.3642417e-03
   1.6890966e-03
  -4.6274926e-03
   3.8687342e-03
  -2.8630947e-03
   8.6098991e-03
  -4.3948226e-03
  -1.0112492e-03
   5.3110050e-03
   1.0516068e-02
   3.5318055e-03
   1.0380519e-03
   7.4549692e-03
   3.8779221e-03
   1.5856396e-03
   2.6688545e-03
  -1.2178053e-03
  -2.6910662e-03
  -2.0820375e-03
  -6.1368624e-03
   5.8013916e-03
  -1.3398037e-03
   1.2171667e-03
   1.0074743e-03
  -3.7591976e-03
  -1.2549583e-03
   5.3973584e-04
   1.5530247e-03
   3.4896080e-03
  -5.3544514e-03
  -6.1681502e-03
  -2.7880481e-03
   2.1679478e-03
  -6.8201762e-03
   1.3808477e-02
   3.2796455e-03
  -1.6418268e-03
  -2.2566117e-03
   5.4487843e-03
  -1.7163634e-03
   6.0106385e-03
  -1.5345313e-03
   4.4810901e-03
  -6.7632728e-03
   7.0561752e-04
  -7.9737787e-04
   7.3699025e-04
  -1.6576316e-04
   2.9492697e-03
  -3.9065671e-03
  -3.4611524e-04
   2.6005755e-03
  -1.8039896e-03
  -5.4440989e-04
  -3.6583061e-03
  -4.5715859e-03
  -4.1834346e-03
  -3.1495550e-04
   2.7737785e-03
  -3.0581378e-03
  -1.7905663e-03
   1.0227384e-02
   7.6000660e-03
  -1.3426977e-03
   1.7784874e-03
   7.5054016e-04
   7.2453269e-03
  -6.9620695e-03
  -1.2268834e-06
   2.9219495e-03
   7.1558624e-03
   5.6937577e-03
  -1.2484772e-03
  -7.4105766e-03
  -2.3448899e-04
  -2.0682342e-03
  -1.4787507e-03
  -2.2981253e-03
   2.3789911e-04
  -3.0212196e-03
   5.7147471e-03
  -4.0522800e-03
  -3.5689027e-03
  -1.7709116e-03
  -1.7170440e-04
  -7.7844543e-03
  -2.6292793e-03
  -1.3211351e-03
   3.8175585e-03
   3.0865123e-03
   1.2778806e-03
   1.4225202e-03
  -1.1272249e-03
  -2.1696398e-03
  -2.2691900e-03
  -5.5898859e-04
   7.9912926e-03
   6.9467379e-03
  -5.2121821e-03
  -5.0946183e-03
  -4.9904588e-03
  -1.0942205e-03
  -3.0172760e-03
   4.5796093e-03
   6.2535352e-03
  -5.1142665e-03
   6.8139609e-03
  -7.0107216e-03
  -7.9574750e-03
   5.5450739e-03
   3.4557596e-03
  -2.2729048e-03
   6.9556871e-03
   2.1939879e-03
  -1.1151813e-04
   4.0842858e-03
  -7.2524090e-03
   1.0162168e-03
  -7.4214218e-04
   4.4703606e-03
   6.3556209e-03
  -4.7521869e-03
  -4.4909147e-05
   6.0204597e-03
   1.3303798e-03
  -9.0119794e-04
   1.6622533e-03
  -4.8548160e-03
   7.7233437e-03
   6.9772365e-03
   7.7274285e-04
  -1.3910473e-03
  -3.6242272e-03
  -4.7331374e-03
   4.2763830e-03
  -7.7672187e-03
  -2.8741421e-03
  -2.1715381e-03
  -2.7744860e-04
   1.6699418e-03
   6.9397487e-03
   1.6814509e-03
  -3.4195943e-03
   5.1267861e-03
  -1.9257152e-03
   2.8427257e-03
   7.3117639e-03
   1.1227132e-03
  -2.6953338e-03
   1.5158499e-03
  -6.0743283e-03
   3.2309240e-03
  -3.2496608e-03
  -9.4267743e-04
  -1.1742801e-03
   3.9511988e-03
   1.3466951e-03
   3.5680942e-03
  -1.3757103e-03
  -1.7892290e-03
  -5.6227108e-03
  -6.5624951e-03
   5.0617952e-03
   2.5027704e-03
   1.9647523e-03
  -1.7231341e-03
   2.6733477e-03
  -2.4927587e-03
   3.6162940e-03
   3.2378912e-03
  -1.7622034e-03
   1.2194304e-03
  -7.0067526e-03
  -6.8502271e-03
   9.9962278e-04
   3.0432451e-03
   1.8383567e-03
   2.0088521e-03
   1.7592923e-03
  -4.8688220e-03
   2.5250454e-03
  -3.4554284e-03
   1.2004757e-03
  -1.4001623e-03
  -9.7043988e-03
  -4.0041924e-03
  -6.6064573e-04
  -3.1592506e-03
   2.8722012e-03
   9.7796355e-03
  -8.1215428e-03
   6.7799643e-03
  -1.9145246e-03
   2.9652192e-03
   5.4101107e-03
  -2.1135556e-03
  -8.4368538e-03
  -2.8711704e-03
   2.3970344e-03
   1.1746599e-03
  -5.7093058e-03
   2.5749809e-03
  -4.7425128e-03
   2.2938187e-03
  -2.6892125e-03
   1.1792304e-02
   1.3944379e-03
  -7.0733926e-03
  -7.0118491e-03
  -4.3210957e-03
  -4.2582379e-03
  -7.7678883e-03
  -1.3323592e-02
   3.1064146e-03
  -1.8346239e-03
  -1.4392187e-03
  -1.0500682e-02
  -2.6946959e-03
  -6.3667227e-03
  -6.4585451e-04
   3.1397283e-03
   4.8352792e-03
  -3.6765098e-03
   1.3445738e-03
  -4.0748904e-03
  -5.1576341e-03
  -5.5308051e-03
  -4.1623960e-04
  -1.1600931e-03
  -2.7555010e-03
  -4.2706230e-03
  -9.1710295e-03
  -5.7458924e-03
   5.6412075e-03
  -1.5376713e-03
   4.7088785e-03
   1.2093546e-02
   8.8477502e-04
   8.5148327e-03
  -8.1496021e-03
   9.8876847e-04
   1.7089952e-03
   6.4696826e-03
   7.0617998e-03
  -2.0109777e-03
   5.0478617e-03
   8.7473293e-03
  -8.1122106e-03
  -2.9122908e-03
   2.9350786e-03
   3.2186162e-07
  -1.2120267e-02
  -2.8836038e-04
   1.2006844e-03
   7.3164861e-03
  -1.0585681e-02
   1.2023528e-03
   7.0003284e-04
   7.3844585e-03
  -5.3033513e-03
   8.4594620e-03
   4.3621920e-03
   1.2163927e-03
  -2.0383269e-04
  -3.1605034e-03
  -4.6504027e-03
  -6.2158315e-03
   7.5189662e-03
   7.2968262e-03
   3.7638277e-03
  -3.0598298e-03
  -8.9609700e-03
   1.1881346e-03
   3.3238204e-03
   4.7650181e-03
   3.6270060e-03
  -3.7345303e-03
   1.2144687e-02
  -8.6543567e-03
  -2.7722749e-03
  -2.6491039e-03
   5.8483346e-03
   5.8588772e-03
  -1.2400170e-03
   7.0282761e-03
  -5.1347491e-03
  -1.6876873e-03
   8.6853890e-03
   2.7489823e-03
   3.6418806e-03
   4.7244198e-03
  -7.8392796e-03
  -3.9096754e-03
   6.8584095e-03
   3.6763875e-03
   7.9064003e-04
  -9.2704237e-04
   1.0794595e-02
   4.6901765e-03
  -5.1013307e-03
   1.4851598e-03
   2.0008928e-03
  -3.6484537e-03
  -2.3847771e-03
  -9.2559530e-03
  -4.4291741e-03
  -1.4489201e-02
   2.4685652e-03
   3.6016179e-03
   1.1694083e-03
   5.6996153e-04
   1.0218177e-02
   2.9338630e-04
   2.1564412e-03
   1.6869377e-02
   1.4931152e-02
   5.4999675e-03
   3.9590333e-03
  -6.7032490e-03
  -3.3581232e-03
  -9.8190053e-03
  -2.4005921e-04
  -4.9916167e-03
  -8.8518530e-03
   4.5389523e-03
  -5.4114355e-03
   5.8542915e-04
   3.5362553e-03
  -1.9437296e-03
   9.4361027e-03
  -2.7190193e-04
   7.9401288e-03
  -1.1006423e-03
  -1.4336133e-02
  -2.6561756e-04
   3.7976827e-04
  -2.4961464e-03
  -6.0530164e-03
   3.3705767e-03
  -2.4547671e-04
  -2.8512751e-03
  -9.6804780e-07
  -2.3047220e-03
  -5.4565587e-03
  -2.6592163e-03
  -7.8659294e-04
  -1.3687733e-03
   1.8952172e-03
  -1.2460451e-04
  -3.4501572e-03
   1.3035505e-02
   3.3032306e-03
  -1.7484122e-03
  -8.6597765e-03
   1.2394749e-03
   2.6255916e-03
   1.1268866e-03
   1.3383218e-02
   3.6196036e-03
  -1.9755338e-04
  -7.5911487e-03
  -1.0556260e-02
  -8.5361219e-05
   2.9688923e-03
   2.6132416e-04
  -1.4230815e-03
   4.3716577e-03
   6.0300510e-03
  -4.3890354e-03
  -7.1024213e-03
  -3.4228742e-03
  -3.7392418e-03
  -1.0908849e-02
  -3.3681089e-03
   8.9865618e-03
  -1.5673070e-03
   5.0126930e-06
  -6.3450926e-03
  -1.3784156e-02
   3.9082022e-03
  -1.5598915e-03
   1.9759887e-03
   8.2204712e-04
  -1.6728144e-03
  -3.2987444e-03
   5.4814993e-03
  -1.9394246e-03
  -2.0378023e-03
   7.2196380e-03
   9.2646721e-03
   1.7855401e-03
   1.0873766e-02
  -2.8714675e-03
   6.3000520e-04
  -5.6194070e-03
  -1.3682101e-02
  -2.9631603e-03
   4.9773114e-03
   3.5419897e-03
   1.8176715e-03
   1.0721016e-03
  -1.8358417e-03
   2.8827220e-03
   3.4952000e-04
   1.0122072e-03
  -5.9477360e-03
   7.8681571e-03
  -6.4130696e-03
  -4.3392151e-03
   4.6140896e-03
   3.3620765e-03
   1.8806387e-03
   9.4677650e-03
   3.1503004e-04
   5.9843534e-03
  -3.8184060e-03
  -6.0938721e-03
  -5.9247098e-04
  -2.5868993e-03
  -6.8383301e-03
  -4.2907899e-03
   7.7158904e-03
   3.0176450e-04
   9.9670032e-03
  -6.0435641e-04
   3.5739785e-03
   9.2592566e-03
   6.3950728e-03
   2.1470090e-03
   8.5153981e-03
   8.5176301e-04
   4.7454394e-03
  -1.1297689e-02
  -8.1311984e-04
  -5.0812533e-03
  -5.0499123e-03
  -1.0799855e-02
   2.9157362e-03
   7.3208810e-03
   2.5107891e-03
  -7.4556051e-03
  -6.7645586e-03
  -2.2573735e-03
   9.0093487e-03
   8.8227861e-03
  -3.0040600e-03
   9.0059604e-04
  -8.1269346e-04
  -1.4194721e-03
   1.6395506e-03
   1.1040909e-02
  -1.3931295e-03
   9.3109903e-03
   3.7124620e-03
   4.6873474e-03
   4.2086366e-03
   4.7633974e-04
   1.9262704e-03
   1.2842714e-03
   1.0469437e-02
   1.0881372e-03
   1.6744110e-03
   7.4031216e-03
  -6.3988981e-03
  -1.4879436e-02
  -4.8241858e-03
   2.9013975e-03
   1.5870624e-03
  -9.6730111e-03
  -9.7941368e-04
  -5.3419360e-05
  -1.1119555e-03
   3.0505936e-03
   1.5259394e-02
  -1.7994712e-03
   4.2959382e-04
   3.5626974e-04
  -3.1246676e-03
  -6.8253822e-04
   2.0166467e-03
   5.2460097e-03
   3.3311373e-03
   2.5650897e-03
   5.2587231e-03
  -8.8455398e-04
  -8.7920388e-03
   2.3699265e-03
  -4.2656074e-04
   6.4716503e-04
  -2.4057893e-03
   6.1009642e-03
   3.3827315e-03
   3.0038589e-03
   1.2061337e-03
  -3.2338003e-03
   1.4211720e-03
   2.9346179e-03
  -5.6638990e-03
   5.2433956e-03
   1.9859497e-02
  -2.9268461e-03
   7.7219850e-03
   9.6026230e-03
   4.9548661e-03
   3.6246648e-03
  -2.3568802e-03
  -1.5657712e-02
  -1.7299990e-02
  -1.3013445e-03
   1.7826112e-03
   1.1350800e-02
   8.5849190e-03
   1.3631055e-02
   2.8696610e-03
  -3.2141818e-03
  -8.1301787e-03
  -3.8996724e-03
   2.9614301e-03
  -3.8119945e-03
  -1.2479065e-02
  -8.2472897e-03
   7.9809952e-03
   5.7386805e-03
  -2.1501006e-03
  -3.8859057e-03
  -2.7539365e-03
   1.6607236e-03
  -9.4403873e-04
  -6.9762058e-03
   1.0113564e-03
  -3.3221871e-05
   3.0791613e-03
  -2.2924177e-03
   1.4091729e-03
   1.2404638e-02
   4.1772277e-03
   6.2516652e-03
   2.6512304e-03
  -1.9979451e-02
  -1.5719254e-02
   1.0224498e-02
   1.4085785e-02
   2.1293332e-02
   1.2058950e-02
   3.8398180e-03
  -2.4626066e-03
   9.0275745e-03
   8.6860716e-03
   8.1444611e-03
   9.6141203e-03
   5.9204877e-03
  -7.9449788e-04
  -4.8874129e-03
  -7.3694075e-03
   6.1838530e-03
  -4.5943217e-03
  -1.1640391e-05
  -6.4515489e-05
  -5.6596369e-03
  -1.6536303e-02
  -9.5205287e-03
  -2.7540483e-03
  -3.6693749e-03
   3.8211105e-03
  -1.8632236e-02
  -2.3591588e-02
  -3.5983888e-02
  -3.7027809e-02
  -1.6421606e-02
  -1.7582831e-03
   4.5694350e-05
   7.9939279e-03
  -4.1364139e-03
  -1.3447502e-02
  -1.2726180e-03
   8.9067274e-04
  -5.9515390e-03
  -1.8629065e-02
  -1.4114022e-02
  -1.0949234e-02
   1.4905319e-02
   1.1766876e-02
   1.5991210e-02
   2.5737079e-02
   1.7336286e-02
   2.4549056e-02
   7.5304159e-03
   2.3688306e-03
   5.2594373e-03
  -9.8386667e-03
  -1.7393162e-02
  -1.3881496e-02
   3.4636647e-03
   2.7064721e-02
   1.9638986e-02
   6.1496998e-03
   2.3245747e-03
  -7.8721415e-03
  -6.9603271e-04
  -1.0979787e-02
  -1.3790958e-02
  -2.7705953e-02
  -1.7183209e-02
   4.6144724e-03
  -1.6015825e-02
  -2.8372315e-02
  -2.0302286e-02
  -3.9560011e-03
  -5.8337978e-03
  -1.1004542e-02
   7.2768766e-03
   7.0334785e-03
  -3.9120028e-03
  -2.4538062e-02
  -2.3911079e-02
  -3.0922676e-02
  -2.0731347e-02
  -1.9634275e-02
  -2.3759256e-02
  -2.6754891e-02
  -9.5173714e-03
  -5.6674389e-03
   4.9491158e-04
  -6.3722643e-03
  -1.1310092e-02
  -1.9961886e-02
  -2.2500202e-02
  -3.6543928e-03
  -2.4452809e-02
  -2.8937073e-02
  -2.8102946e-02
  -3.1842538e-02
  -3.3669318e-02
  -3.8499153e-02
  -3.2783142e-02
  -2.3471971e-02
  -2.7934446e-02
  -3.2107990e-02
  -3.3104770e-02
  -1.7835452e-02
  -1.5591753e-02
  -1.2848381e-02
  -1.1888288e-02
  -1.3440521e-02
  -1.7582684e-02
  -1.6148900e-02
  -2.1083753e-02
  -2.3547119e-02
  -2.6405685e-02
  -3.6380019e-02
  -2.6058638e-02
  -1.3325552e-02
  -1.1835403e-02
  -1.0470744e-02
  -1.6156837e-02
   4.5757993e-03
  -1.0580640e-02
  -5.7380381e-03
  -1.5627071e-02
  -1.3141116e-02
  -1.6413922e-02
  -1.5081749e-02
  -1.2794161e-02
  -2.5813585e-02
  -4.1309779e-02
  -4.7996396e-02
  -5.6989125e-02
  -7.5049933e-02
  -7.4071922e-02
  -8.1848744e-02
  -8.5754065e-02
  -9.1466325e-02
  -9.1621913e-02
  -1.0936999e-01
  -1.2140640e-01
  -1.2494853e-01
  -1.3894496e-01
  -1.4959457e-01
  -1.4646679e-01
  -1.6995446e-01
  -1.7906811e-01
  -2.1804227e-01
  -2.1412112e-01
  -2.1783872e-01
  -2.1528588e-01
  -2.1971877e-01
  -2.3020491e-01
  -2.3201899e-01
  -2.3423369e-01
  -2.4263176e-01
  -2.5135761e-01
  -2.4270173e-01
  -2.5130956e-01
  -2.4383859e-01
  -2.6195930e-01
  -2.5633127e-01
  -2.6269321e-01
  -2.5996582e-01
  -2.6265186e-01
  -2.6809510e-01
  -2.7385793e-01
  -2.6725487e-01
  -2.7358367e-01
  -2.6451457e-01
  -2.7616032e-01
  -2.6452455e-01
  -2.7149601e-01
  -2.7553915e-01
  -2.8326379e-01
  -2.8746791e-01
  -2.8119291e-01
  -2.8600340e-01
  -3.0141418e-01
  -2.9016982e-01
  -2.8882378e-01
  -2.8993912e-01
  -3.0257122e-01
  -2.9202108e-01
  -2.9201151e-01
  -3.0739591e-01
  -3.0518165e-01
  -2.9686682e-01
  -2.9951582e-01
  -2.9781344e-01
  -3.2156426e-01
  -3.1920755e-01
  -3.1890469e-01
  -3.1669818e-01
  -3.1571045e-01
  -3.1779967e-01
  -3.2165772e-01
  -3.2899477e-01
  -3.3042218e-01
  -3.3094101e-01
  -3.3926100e-01
  -3.4303908e-01
  -3.3862250e-01
  -3.5618652e-01
  -3.5535878e-01
  -3.4468822e-01
  -3.4078711e-01
  -3.4582668e-01
  -3.5073265e-01
  -3.3965326e-01
  -3.5302167e-01
  -3.4207794e-01
  -3.5729792e-01
  -3.6449497e-01
  -3.6275859e-01
  -3.7072408e-01
  -3.7318131e-01
  -3.5922037e-01
  -3.4536724e-01
  -3.6676371e-01
  -3.6621668e-01
  -3.6479507e-01
  -3.7050544e-01
  -3.7898280e-01
  -3.8403007e-01
  -3.7599499e-01
  -3.7207315e-01
  -3.7429741e-01
  -3.7931141e-01
  -3.8505906e-01
  -3.8594129e-01
  -3.9656286e-01
  -4.0234293e-01
  -3.9697801e-01
  -3.9420018e-01
  -3.8526992e-01
  -3.9514206e-01
  -3.9821430e-01
  -3.9654455e-01
  -4.1312960e-01
  -4.0629694e-01
  -4.0864277e-01
  -4.0044148e-01
  -4.1003076e-01
  -4.1373682e-01
  -4.0775426e-01
  -4.1602996e-01
  -4.1354144e-01
  -4.1259666e-01
  -4.2264315e-01
  -4.1984837e-01
  -4.2834987e-01
  -4.1865375e-01
  -4.0824913e-01
  -4.2915748e-01
  -4.3083798e-01
  -4.1919290e-01
  -4.3769448e-01
  -4.2677070e-01
  -4.4249558e-01
  -4.2849214e-01
  -4.3186462e-01
  -4.2874835e-01
  -4.4394573e-01
  -4.3749408e-01
  -4.5103213e-01
  -4.3884603e-01
  -4.3653909e-01
  -4.4445114e-01
  -4.4898801e-01
  -4.4330070e-01
  -4.5007994e-01
  -4.5085328e-01
  -4.6590398e-01
  -4.5963009e-01
  -4.5977340e-01
  -4.4539385e-01
  -4.5769667e-01
  -4.5609757e-01
  -4.6842551e-01
  -4.6124474e-01
  -4.6837976e-01
  -4.6570945e-01
  -4.6607343e-01
  -4.7050124e-01
  -4.6515136e-01
  -4.7049500e-01
  -4.7257633e-01
  -4.7777291e-01
  -4.7662962e-01
  -4.7265711e-01
  -4.8383240e-01
  -4.7352982e-01
  -4.8399893e-01
  -4.8068856e-01
  -4.8327359e-01
  -4.8070156e-01
  -4.8787030e-01
  -4.8383650e-01
  -4.8912070e-01
  -4.9722403e-01
  -4.8081189e-01
  -4.9534930e-01
  -4.9828695e-01
  -4.8572513e-01
  -4.9462197e-01
  -5.0025178e-01
  -5.0286814e-01
  -5.0121397e-01
  -4.9879254e-01
