   0.0000000e+00
   0.0000000e+00
   0.0000000e+00
   0.0000000e+00
   0.0000000e+00
   0.0000000e+00
   0.0000000e+00
   0.0000000e+00
   0.0000000e+00
   0.0000000e+00
   0.0000000e+00
   0.0000000e+00
   0.0000000e+00
   0.0000000e+00
   0.0000000e+00
   0.0000000e+00
   0.0000000e+00
   0.0000000e+00
   0.0000000e+00
   0.0000000e+00
   0.0000000e+00
   0.0000000e+00
   0.0000000e+00
   0.0000000e+00
   0.0000000e+00
   0.0000000e+00
   0.0000000e+00
   0.0000000e+00
   0.0000000e+00
   0.0000000e+00
   0.0000000e+00
   0.0000000e+00
   0.0000000e+00
   0.0000000e+00
   0.0000000e+00
   0.0000000e+00
   0.0000000e+00
   0.0000000e+00
   0.0000000e+00
   0.0000000e+00
   0.0000000e+00
   0.0000000e+00
   0.0000000e+00
   0.0000000e+00
   0.0000000e+00
   0.0000000e+00
   0.0000000e+00
   0.0000000e+00
   0.0000000e+00
   0.0000000e+00
   0.0000000e+00
   0.0000000e+00
   0.0000000e+00
   0.0000000e+00
   0.0000000e+00
   0.0000000e+00
   0.0000000e+00
   0.0000000e+00
   0.0000000e+00
   0.0000000e+00
   0.0000000e+00
   0.0000000e+00
   0.0000000e+00
   0.0000000e+00
   0.0000000e+00
   0.0000000e+00
   0.0000000e+00
   0.0000000e+00
   0.0000000e+00
   0.0000000e+00
   0.0000000e+00
   0.0000000e+00
   0.0000000e+00
   0.0000000e+00
   0.0000000e+00
   0.0000000e+00
   0.0000000e+00
   0.0000000e+00
   0.0000000e+00
   0.0000000e+00
   0.0000000e+00
   0.0000000e+00
   0.0000000e+00
   0.0000000e+00
   0.0000000e+00
   0.0000000e+00
   0.0000000e+00
   0.0000000e+00
   0.0000000e+00
   0.0000000e+00
   0.0000000e+00
   0.0000000e+00
   0.0000000e+00
   0.0000000e+00
   0.0000000e+00
   0.0000000e+00
   0.0000000e+00
   0.0000000e+00
   0.0000000e+00
   0.0000000e+00
  -7.9864548e-02
  -8.3530109e-02
  -9.4788778e-02
  -1.0108437e-01
  -1.1090985e-01
  -1.1989953e-01
  -1.0999674e-01
  -1.2995085e-01
  -1.2798143e-01
  -1.4026280e-01
  -1.4319050e-01
  -1.4020646e-01
  -1.2785586e-01
  -1.2395147e-01
  -1.4340047e-01
  -1.6551514e-01
  -1.6832957e-01
  -1.6300435e-01
  -1.5844853e-01
  -1.6204669e-01
  -1.6275406e-01
  -1.5702319e-01
  -1.0922112e-01
  -7.5303660e-02
  -1.0037192e-01
  -7.7347093e-02
  -5.6525652e-02
  -5.3384362e-02
  -7.4318106e-02
  -3.7477649e-02
  -3.8070719e-02
  -4.3707181e-02
  -3.5487440e-02
  -4.6732012e-02
  -5.2369338e-02
  -5.3662649e-02
  -5.4467858e-02
  -3.2871780e-02
  -2.0521514e-02
  -1.4698487e-02
  -4.6706716e-03
   1.8111357e-03
   1.0862380e-02
   2.4368738e-02
   1.4507775e-02
   2.2685162e-02
   2.1568772e-02
   2.3570806e-02
   2.1180628e-02
   4.1049929e-02
   6.4040940e-02
   8.0087839e-02
   7.3243544e-02
   7.8079820e-02
   7.7131654e-02
   7.7303942e-02
   7.3810476e-02
   7.1711907e-02
   8.1741920e-02
   7.9567030e-02
   7.0269040e-02
   6.2093007e-02
   4.6384098e-02
   2.4823905e-02
   2.2821101e-02
   1.7727523e-02
   5.5253787e-02
   7.2775445e-02
   7.3448011e-02
   7.3096640e-02
   8.3073646e-02
   8.8834567e-02
   8.4303225e-02
   8.2219241e-02
   8.4823345e-02
   8.3966249e-02
   7.7415539e-02
   8.1075729e-02
   7.1969653e-02
   7.2113252e-02
   7.3136529e-02
   7.4794825e-02
   9.6690860e-02
   1.0609143e-01
   1.0071377e-01
   1.0240526e-01
   9.2007671e-02
   1.0696721e-01
   1.2207977e-01
   1.1511914e-01
   1.0363183e-01
   5.4016456e-02
   7.7964859e-02
   7.6554327e-02
   8.5844963e-02
   8.9697993e-02
   8.7029568e-02
   8.0895590e-02
   7.4920098e-02
   6.8678456e-02
   4.0088838e-02
   4.3930558e-02
   4.3154794e-02
   4.6747931e-02
   4.1335203e-02
   4.7501601e-02
   3.3794643e-02
   3.8123727e-02
   4.1412587e-02
   4.3334643e-02
   4.8595122e-02
   4.4117160e-02
   5.1323470e-02
   5.6824967e-02
   7.2696260e-02
   8.1323126e-02
   8.0834138e-02
   8.2361785e-02
   6.6920107e-02
   1.0168640e-01
   9.5524964e-02
   9.3874862e-02
   6.9101871e-02
   4.5567062e-02
   3.7793534e-02
   3.6857045e-02
   3.4180341e-02
   2.1177228e-02
   6.0265919e-02
   2.5580576e-02
   3.4596319e-02
   3.6417899e-02
   3.5993971e-02
   4.8411672e-02
   5.7085767e-02
   5.8706108e-02
   6.0933108e-02
   3.9027926e-02
   2.3736262e-02
   3.0614154e-02
   2.6430703e-02
   2.4327888e-02
   2.6588245e-02
   3.1846508e-02
   3.9648964e-02
   3.8701149e-02
   4.7260021e-02
   4.8512784e-02
   4.7483323e-02
   3.7835828e-02
   2.4541044e-02
   7.7532429e-03
   1.4854094e-02
   6.7673452e-03
   3.6312204e-02
   1.4028506e-02
   3.2935646e-02
   4.5580556e-02
   4.7057866e-02
   5.2981886e-02
   5.5021027e-02
   7.3961152e-02
   7.0007086e-02
   7.2884916e-02
   4.3986512e-02
   7.5241326e-02
   2.6232289e-02
   1.7955780e-02
   1.1910287e-02
  -2.7200901e-04
  -7.7519915e-03
  -1.1309272e-02
  -1.3661305e-02
  -2.7088850e-02
  -3.2767930e-02
  -3.6061326e-02
  -4.4063422e-02
  -1.1120986e-02
  -2.2835544e-02
  -2.1812440e-02
  -2.2241572e-02
  -1.6720594e-02
  -2.0237743e-02
  -2.0768108e-02
  -2.4654570e-02
  -4.4897569e-02
  -1.0298673e-02
  -2.6314828e-02
  -3.7315197e-02
  -3.0975505e-02
  -1.4107153e-02
   2.4118295e-02
  -1.4568254e-02
   1.0838198e-03
   2.4944161e-03
   9.6531646e-03
   1.4669173e-02
   2.6083938e-02
   3.7476117e-02
   3.8078490e-02
   4.4665867e-02
   4.2374966e-02
   3.9448993e-02
   4.9003483e-02
   5.2496160e-02
   5.1410994e-02
   5.5565051e-02
   4.9434659e-02
   3.9872280e-02
   3.6790388e-02
   3.8056080e-02
   3.7417087e-02
   2.5081003e-02
   1.6140750e-02
   1.6466912e-02
   1.4343421e-02
   2.0721849e-02
   2.3346311e-02
   5.3905262e-02
  -1.2820342e-03
   1.0948269e-02
   1.4671843e-02
   1.2234154e-02
   7.2648170e-03
   3.1974604e-02
   2.6847855e-02
   3.3077173e-02
   1.8615238e-02
  -5.3707617e-03
  -6.0026222e-03
   1.6217034e-02
   1.1447765e-02
   1.2896581e-02
   1.4230038e-02
   1.4079215e-02
   1.6129423e-02
   1.1512937e-02
   1.4695357e-02
   2.3363064e-02
   1.2302006e-02
   7.3098183e-03
   1.5045177e-02
   3.6006181e-02
   2.6612392e-02
   2.5777283e-02
   2.3545431e-02
   3.1317096e-02
  -1.3793738e-02
  -4.2731368e-02
  -4.8815830e-02
  -5.3067525e-02
  -4.7733361e-02
  -5.4815356e-02
  -4.0480056e-02
  -5.6680880e-02
  -4.2843210e-02
  -5.5874825e-02
  -7.2447173e-02
  -8.4049961e-02
  -9.1175169e-02
  -8.9711153e-02
  -1.0833201e-01
  -1.0295528e-01
  -7.8870809e-02
  -5.9080156e-02
  -6.2205813e-02
  -2.5251706e-02
  -2.5763208e-02
  -4.7865977e-03
   4.9182707e-02
   2.0579056e-02
   1.7849419e-02
   1.8109088e-02
   3.6690474e-02
   5.2340461e-02
   5.7822497e-02
   5.8644063e-02
   4.2758431e-02
   6.5920422e-02
   5.9255267e-02
   5.4909373e-02
   4.6378098e-02
   5.3579355e-02
   6.3256067e-02
   6.7340007e-02
   8.4257732e-02
   5.4991069e-02
   5.2925620e-02
   6.4875100e-02
   8.2158339e-02
   6.1304117e-02
   6.9335962e-02
   8.4456766e-02
   1.0630585e-01
   1.1442643e-01
   1.1699016e-01
   8.4826911e-02
   7.2014848e-02
   6.7342925e-02
   7.6280449e-02
   1.0438194e-01
   1.0426731e-01
   1.0165793e-01
   1.0911656e-01
   7.5235195e-02
   8.3280568e-02
   8.1539810e-02
   8.7441829e-02
   8.9148936e-02
   9.1487072e-02
   9.1760923e-02
   9.5413262e-02
   6.3782458e-02
   5.3419399e-02
   5.1121261e-02
   5.5622174e-02
   4.1692789e-02
   2.4009699e-02
   2.9639677e-02
   4.5049985e-02
   3.9581722e-02
   3.6403344e-02
   4.0910797e-02
   4.9408307e-02
   3.4904077e-02
   5.9084757e-02
   6.5232314e-02
   6.3244934e-02
   6.9164210e-02
   6.7996041e-02
   5.7790288e-02
   6.8332694e-02
   7.3529706e-02
   6.6254786e-02
   4.8341089e-02
   1.3320281e-02
   2.2099560e-02
   2.7778327e-02
   2.6135543e-02
   3.9958911e-02
   3.8918483e-02
   3.3655695e-02
   1.2858655e-02
   1.4515413e-02
   1.0042792e-02
   2.0797302e-02
   1.5026340e-02
   4.5513381e-02
   5.1036055e-02
   6.4019274e-02
   5.6782150e-02
   5.9683453e-02
   6.4734856e-02
   5.9835295e-02
   4.9401864e-02
   6.6994436e-02
   5.8427587e-02
   5.8161350e-02
   6.4102880e-02
   6.5509077e-02
   7.1778818e-02
   7.8485171e-02
   9.8931245e-02
   1.0883772e-01
   1.0031873e-01
   9.1135331e-02
   8.5673487e-02
   8.1307169e-02
   7.1808887e-02
   4.2840728e-02
   5.7711167e-02
   6.4383365e-02
   1.2551450e-01
   1.3828559e-01
   1.3656729e-01
   1.2162776e-01
   1.2844438e-01
   1.3720971e-01
   1.3694073e-01
   1.4266631e-01
   1.5467539e-01
   1.4496911e-01
   1.3136526e-01
   1.2312975e-01
   1.2242929e-01
   1.1977000e-01
   1.0984484e-01
   1.0334332e-01
   8.7338829e-02
   6.7799377e-02
   8.0549205e-02
   8.8226974e-02
   9.0810438e-02
   7.9601390e-02
   8.6166728e-02
   8.0427150e-02
   9.9756809e-02
   1.0322199e-01
   1.0357057e-01
   1.0181097e-01
   9.5273511e-02
   1.0535450e-01
   1.0934377e-01
   9.9064198e-02
   1.2034071e-01
   1.1502352e-01
   1.1772850e-01
   9.9942287e-02
   1.0884605e-01
   1.0910571e-01
   1.1241032e-01
   1.0864601e-01
   1.3214401e-01
   1.3976352e-01
   1.3572126e-01
   1.4608813e-01
   1.5861521e-01
   1.7179855e-01
   1.8478567e-01
   1.8576226e-01
   1.8529567e-01
   1.8481274e-01
   1.8051113e-01
   1.6970430e-01
   1.8976014e-01
   1.6974920e-01
   1.7260505e-01
   1.8344258e-01
   1.7885816e-01
   1.9156148e-01
   2.0082919e-01
   1.8480701e-01
   1.7708931e-01
   1.8144583e-01
   1.9269085e-01
   2.4253905e-01
   2.2470042e-01
   2.2149554e-01
   2.2504006e-01
   2.1791861e-01
   2.2136282e-01
   2.2430472e-01
   2.3059022e-01
   2.2703978e-01
   2.3171629e-01
   2.2202922e-01
   2.3344644e-01
   2.3397854e-01
   2.4358193e-01
   2.3033314e-01
   2.3818168e-01
   2.3106647e-01
   2.3958708e-01
   2.4893905e-01
   2.4546320e-01
   2.4294676e-01
   2.5302968e-01
   2.5763773e-01
   2.5598327e-01
   2.5642119e-01
   2.5580109e-01
   2.5091801e-01
   2.4173184e-01
   2.0885989e-01
   2.1475567e-01
   2.1929912e-01
   2.1178763e-01
   2.1551145e-01
   2.1543629e-01
   2.2055451e-01
   2.2128646e-01
   2.0967487e-01
   1.4113108e-01
   1.2768864e-01
   1.2081229e-01
   1.3072026e-01
   1.2916407e-01
   1.2809669e-01
   1.1906963e-01
   1.2104061e-01
   1.0661557e-01
   1.2149406e-01
   1.2945917e-01
   1.3943209e-01
   1.5612495e-01
   1.6303649e-01
   1.7138464e-01
   1.7914784e-01
   1.8007046e-01
   1.6221569e-01
   1.6021854e-01
   1.6972988e-01
   1.7693747e-01
   1.8817458e-01
   1.7292561e-01
   1.8549839e-01
   1.9181036e-01
   1.8247318e-01
   1.9591577e-01
   2.0022139e-01
   1.8578014e-01
   2.0213457e-01
   1.9305095e-01
   1.9193018e-01
   1.9258897e-01
   1.9323170e-01
   1.9210197e-01
   2.0483831e-01
   1.9706530e-01
   1.9034791e-01
   1.9391858e-01
   2.0438717e-01
   2.0790186e-01
   2.0777472e-01
   2.0496297e-01
   2.0259473e-01
   2.0049882e-01
   2.0127052e-01
   1.7759124e-01
   1.8197428e-01
   1.6461088e-01
   1.8544266e-01
   2.0736906e-01
   2.0546212e-01
   2.0057706e-01
   2.0094550e-01
   1.9565197e-01
   1.9070238e-01
   1.8698209e-01
   1.7240634e-01
   1.6589515e-01
   1.6567752e-01
   1.7466568e-01
   1.7451700e-01
   1.7290422e-01
   1.4653521e-01
   1.7014497e-01
   1.7363859e-01
   1.7799575e-01
   1.7924456e-01
   1.8042077e-01
   1.7466149e-01
   1.8192750e-01
   1.8252840e-01
   1.7975095e-01
   1.8608616e-01
   1.7094898e-01
   1.6512873e-01
   1.6603815e-01
   1.8522940e-01
   1.8626149e-01
   1.8454949e-01
   1.5530936e-01
   1.4693323e-01
   1.4636646e-01
   1.3238259e-01
   1.4308839e-01
   1.1885457e-01
   1.0902749e-01
   1.2562039e-01
   1.3515319e-01
   1.3758883e-01
   1.3402930e-01
   1.5564593e-01
   2.3763290e-01
   2.4092486e-01
   2.4729073e-01
   2.4129547e-01
   2.5749321e-01
   2.6936874e-01
   2.8063304e-01
   2.7847513e-01
   2.9009048e-01
   2.9261224e-01
   2.9066901e-01
   2.8543325e-01
   2.8306848e-01
   3.0095559e-01
   2.9266329e-01
   3.0300411e-01
   3.0029328e-01
   3.1132487e-01
   3.1554922e-01
   3.0986174e-01
   3.0298286e-01
   3.0206254e-01
   2.9849027e-01
   3.0234568e-01
   3.0119356e-01
   3.1252729e-01
   3.1865164e-01
   3.0828784e-01
   3.1149367e-01
   2.9927482e-01
   3.1764597e-01
   2.7519534e-01
   3.3383366e-01
   2.9709442e-01
   3.0378158e-01
   3.3028077e-01
   3.7078475e-01
   3.6852669e-01
   3.7606276e-01
   3.6712339e-01
   3.7414999e-01
   3.7952760e-01
   3.8579285e-01
   3.9092590e-01
   4.0048833e-01
   4.0495200e-01
   4.1072953e-01
   3.9980809e-01
   3.9081029e-01
   3.9306706e-01
   3.9335272e-01
   3.9155237e-01
   3.9059802e-01
   4.2081074e-01
   4.2603165e-01
   4.2603907e-01
   4.3466389e-01
   3.8389948e-01
   4.2288433e-01
   4.6747864e-01
   5.4504904e-01
   5.9605088e-01
   6.0303644e-01
   6.0299250e-01
   5.9887117e-01
   5.9484741e-01
   5.8414064e-01
   6.0313347e-01
   6.0308446e-01
   6.0032670e-01
   5.9051784e-01
   6.0446887e-01
   6.1157348e-01
   5.7892899e-01
   5.8932416e-01
   5.9355225e-01
   5.9530129e-01
   6.2206298e-01
   6.2662257e-01
   6.4526682e-01
   6.4688472e-01
   6.4648387e-01
   6.3727191e-01
   6.3696226e-01
   6.4639438e-01
   6.4109949e-01
   6.1316151e-01
   6.3565150e-01
   6.4360963e-01
   6.4418139e-01
   6.4158459e-01
   6.4558938e-01
   6.3408542e-01
   6.5914735e-01
   6.5217675e-01
   6.6773852e-01
   6.6078894e-01
   6.4459711e-01
   6.4148301e-01
   6.5879334e-01
   6.5533239e-01
   6.6605745e-01
   6.6479571e-01
   6.5369108e-01
   6.5400371e-01
   6.4658067e-01
   6.3345545e-01
   6.4682305e-01
   6.5221028e-01
   6.7060165e-01
   6.7757858e-01
   6.8245044e-01
   6.8826180e-01
   6.9537477e-01
   6.9991393e-01
   6.9806142e-01
   6.9967489e-01
   6.9868186e-01
   6.9546056e-01
   6.9844010e-01
   6.9836625e-01
   6.8368494e-01
   6.8897368e-01
   6.9852007e-01
   7.0336657e-01
   7.1353367e-01
   7.1989827e-01
   7.3119889e-01
   7.4413879e-01
   7.4288921e-01
   7.4555323e-01
   7.5992141e-01
   7.6797344e-01
   7.7733405e-01
   7.7226783e-01
   7.6107276e-01
   7.6351091e-01
   7.6563837e-01
   7.6854093e-01
   7.6365217e-01
   7.6095599e-01
   7.5870095e-01
   7.4996608e-01
   7.5876532e-01
   7.6237287e-01
   7.6319914e-01
   7.6345424e-01
   7.6009237e-01
   7.5333656e-01
   7.5179888e-01
   7.4957267e-01
   7.4914968e-01
   7.5183083e-01
   7.5272573e-01
   7.5251330e-01
   7.5216829e-01
   7.4260827e-01
   7.4543294e-01
   7.4778333e-01
   7.4583762e-01
   7.3652595e-01
   7.7999987e-01
   7.9531907e-01
   8.1326598e-01
   8.2439628e-01
   8.4789850e-01
   8.4507134e-01
   8.5111149e-01
   8.6688649e-01
   8.7125550e-01
   8.8079813e-01
   8.9903151e-01
   8.9126404e-01
   8.9656354e-01
   8.7974189e-01
   8.9952905e-01
   9.0817752e-01
   9.2131431e-01
   9.2572806e-01
   9.3075942e-01
   9.3728573e-01
   9.4168813e-01
   9.4510705e-01
   9.4724719e-01
   9.5422575e-01
   9.5358330e-01
   9.5642360e-01
   9.5445676e-01
   9.6036019e-01
   9.6135143e-01
   9.6518792e-01
   9.6584448e-01
   9.6726610e-01
   9.6790676e-01
   9.7194927e-01
   9.7140484e-01
   9.7280280e-01
   9.7353408e-01
   9.7751711e-01
   9.7667870e-01
   9.7569325e-01
   9.7534638e-01
   9.7591602e-01
   9.7617168e-01
   9.7603425e-01
   9.7524761e-01
   9.7946511e-01
   9.8020223e-01
   9.8110598e-01
   9.7912583e-01
   9.8093430e-01
   9.8166672e-01
   9.8024696e-01
   9.7966344e-01
   9.8061437e-01
   9.7992676e-01
   9.8097569e-01
   9.7862928e-01
   9.8005834e-01
   9.8061573e-01
   9.7941368e-01
   9.8182139e-01
   9.8217641e-01
   9.8184950e-01
   9.8154167e-01
   9.8173937e-01
   9.8229493e-01
   9.8103276e-01
   9.7988738e-01
   9.8089099e-01
   9.7939194e-01
   9.7973028e-01
   9.7933801e-01
   9.7934888e-01
   9.7834335e-01
   9.7750896e-01
   9.7844389e-01
   9.7731029e-01
   9.7779239e-01
   9.7652496e-01
   9.7576270e-01
   9.7597135e-01
   9.7614339e-01
   9.7416998e-01
   9.7308840e-01
   9.7316272e-01
   9.6979447e-01
   9.6980015e-01
   9.6500652e-01
   9.6587455e-01
   9.6238220e-01
   9.6216250e-01
   9.6063927e-01
   9.5961106e-01
   9.5653620e-01
   9.5238209e-01
   9.5202957e-01
   9.5324431e-01
   9.5064563e-01
   9.4943025e-01
   9.5294755e-01
   9.5029289e-01
   9.5087180e-01
   9.4718452e-01
   9.4504518e-01
   9.4135724e-01
   9.4077796e-01
   9.4327275e-01
   9.4058600e-01
   9.4432226e-01
   9.4321470e-01
   9.3773081e-01
   9.4630799e-01
   9.4550259e-01
   9.6081853e-01
   9.5922616e-01
   9.5697676e-01
   9.5621247e-01
   9.5453992e-01
   9.6012112e-01
   9.6237183e-01
   9.5631214e-01
   9.5830829e-01
   9.6374181e-01
   9.5521118e-01
   9.6066291e-01
   9.5309113e-01
   9.6273227e-01
   9.5989056e-01
   9.6234356e-01
   9.5661770e-01
   9.5901133e-01
   9.5630213e-01
   9.6134457e-01
   9.5965735e-01
   9.5907346e-01
   9.5455883e-01
   9.5969655e-01
   9.5344424e-01
   9.5506585e-01
   9.5101248e-01
   9.5552807e-01
   9.5673578e-01
   9.5783447e-01
   9.5521525e-01
   9.6076436e-01
   9.5327130e-01
   9.5448041e-01
   9.5205228e-01
   9.5713818e-01
   9.5312163e-01
   9.5095749e-01
   9.5791962e-01
   9.5509340e-01
   9.5080933e-01
   9.4929774e-01
   9.4802463e-01
   9.5872611e-01
   9.5387185e-01
   9.5650589e-01
   9.5164025e-01
   9.5170320e-01
   9.5093512e-01
   9.5253514e-01
   9.5246292e-01
   9.5387121e-01
   9.5178190e-01
   9.5184281e-01
   9.5778470e-01
   9.5073031e-01
   9.5647637e-01
   9.6008178e-01
   9.5353444e-01
   9.4971503e-01
   9.5042828e-01
   9.5264326e-01
   9.4872877e-01
