
722225-03855  30.350  -87.317     8.5
722226-93841  30.717  -87.017    60.7
722230-13894  30.688  -88.246    65.5
722235-13838  30.626  -88.068     7.9
722245-99999  30.200  -85.683     6.0
722246-03844  30.650  -86.517    58.0
722250-13829  32.350  -85.000    70.7
722255-93842  32.516  -84.942   119.5
722260-13895  32.300  -86.408    61.6
722265-13821  32.383  -86.350    52.1
722266-13850  32.350  -86.983    51.0
722267-03878  31.861  -86.012   121.0
722268-93843  31.317  -85.450   122.0
722269-03850  31.267  -85.717    91.7
722270-13864  33.917  -84.517   325.5
722275-99999  31.309  -86.394    94.5
722280-13876  33.566  -86.745   187.5
722286-93806  33.212  -87.616    45.7
722287-13871  33.587  -85.856   181.1
722300-53864  33.178  -86.782   172.2
722310-12916  29.997  -90.278     1.2
722314-03934  30.033  -91.883     7.0
722315-53917  30.049  -90.029     2.7
722316-12958  29.817  -90.017     0.6
722317-13970  30.537  -91.147    23.2
722320-12884  29.333  -89.408     0.3
722336-99999  29.330  -89.400     1.0
722340-13865  32.335  -88.744    89.6
722345-03866  32.550  -88.567    82.6
722348-99999  31.467  -89.333    91.0
722350-03940  32.321  -90.078   100.6
722356-13939  33.483  -90.985    39.3
722357-99999  31.617  -91.300    83.0
722358-93919  31.183  -90.471   125.9
722359-13978  33.496  -90.087    40.5
722390-03931  31.050  -93.183   100.6
722400-03937  30.125  -93.228     2.7
722403-99999  29.560  -91.533     0.0
722404-13941  30.210  -93.143     5.2
722405-13976  30.205  -91.988    11.6
722406-99999  29.567  -90.660     3.0
