  -1.2000000e+03   0.0000000e+00   0.0000000e+00
  -1.1990000e+03   0.0000000e+00   0.0000000e+00
  -1.1980000e+03   0.0000000e+00   0.0000000e+00
  -1.1970000e+03   0.0000000e+00   0.0000000e+00
  -1.1960000e+03   0.0000000e+00   0.0000000e+00
  -1.1950000e+03   0.0000000e+00   0.0000000e+00
  -1.1940000e+03   0.0000000e+00   0.0000000e+00
  -1.1930000e+03   0.0000000e+00   0.0000000e+00
  -1.1920000e+03   0.0000000e+00   0.0000000e+00
  -1.1910000e+03   0.0000000e+00   0.0000000e+00
  -1.1900000e+03   0.0000000e+00   0.0000000e+00
  -1.1890000e+03   0.0000000e+00   0.0000000e+00
  -1.1880000e+03   0.0000000e+00   0.0000000e+00
  -1.1870000e+03   0.0000000e+00   0.0000000e+00
  -1.1860000e+03   0.0000000e+00   0.0000000e+00
  -1.1850000e+03   0.0000000e+00   0.0000000e+00
  -1.1840000e+03   0.0000000e+00   0.0000000e+00
  -1.1830000e+03   0.0000000e+00   0.0000000e+00
  -1.1820000e+03   0.0000000e+00   0.0000000e+00
  -1.1810000e+03   0.0000000e+00   0.0000000e+00
  -1.1800000e+03   0.0000000e+00   0.0000000e+00
  -1.1790000e+03   0.0000000e+00   0.0000000e+00
  -1.1780000e+03   0.0000000e+00   0.0000000e+00
  -1.1770000e+03   0.0000000e+00   0.0000000e+00
  -1.1760000e+03   0.0000000e+00   0.0000000e+00
  -1.1750000e+03   0.0000000e+00   0.0000000e+00
  -1.1740000e+03   0.0000000e+00   0.0000000e+00
  -1.1730000e+03   0.0000000e+00   0.0000000e+00
  -1.1720000e+03   0.0000000e+00   0.0000000e+00
  -1.1710000e+03   0.0000000e+00   0.0000000e+00
  -1.1700000e+03   0.0000000e+00   0.0000000e+00
  -1.1690000e+03   0.0000000e+00   0.0000000e+00
  -1.1680000e+03   0.0000000e+00   0.0000000e+00
  -1.1670000e+03   0.0000000e+00   0.0000000e+00
  -1.1660000e+03   0.0000000e+00   0.0000000e+00
  -1.1650000e+03   0.0000000e+00   0.0000000e+00
  -1.1640000e+03   0.0000000e+00   0.0000000e+00
  -1.1630000e+03   0.0000000e+00   0.0000000e+00
  -1.1620000e+03   0.0000000e+00   0.0000000e+00
  -1.1610000e+03   0.0000000e+00   0.0000000e+00
  -1.1600000e+03   0.0000000e+00   0.0000000e+00
  -1.1590000e+03   0.0000000e+00   0.0000000e+00
  -1.1580000e+03   0.0000000e+00   0.0000000e+00
  -1.1570000e+03   0.0000000e+00   0.0000000e+00
  -1.1560000e+03   0.0000000e+00   0.0000000e+00
  -1.1550000e+03   0.0000000e+00   0.0000000e+00
  -1.1540000e+03   0.0000000e+00   0.0000000e+00
  -1.1530000e+03   0.0000000e+00   0.0000000e+00
  -1.1520000e+03   0.0000000e+00   0.0000000e+00
  -1.1510000e+03   0.0000000e+00   0.0000000e+00
  -1.1500000e+03   0.0000000e+00   0.0000000e+00
  -1.1490000e+03   0.0000000e+00   0.0000000e+00
  -1.1480000e+03   0.0000000e+00   0.0000000e+00
  -1.1470000e+03   0.0000000e+00   0.0000000e+00
  -1.1460000e+03   0.0000000e+00   0.0000000e+00
  -1.1450000e+03   0.0000000e+00   0.0000000e+00
  -1.1440000e+03   0.0000000e+00   0.0000000e+00
  -1.1430000e+03   0.0000000e+00   0.0000000e+00
  -1.1420000e+03   0.0000000e+00   0.0000000e+00
  -1.1410000e+03   0.0000000e+00   0.0000000e+00
  -1.1400000e+03   0.0000000e+00   0.0000000e+00
  -1.1390000e+03   0.0000000e+00   0.0000000e+00
  -1.1380000e+03   0.0000000e+00   0.0000000e+00
  -1.1370000e+03   0.0000000e+00   0.0000000e+00
  -1.1360000e+03   0.0000000e+00   0.0000000e+00
  -1.1350000e+03   0.0000000e+00   0.0000000e+00
  -1.1340000e+03   0.0000000e+00   0.0000000e+00
  -1.1330000e+03   0.0000000e+00   0.0000000e+00
  -1.1320000e+03   0.0000000e+00   0.0000000e+00
  -1.1310000e+03   0.0000000e+00   0.0000000e+00
  -1.1300000e+03   0.0000000e+00   0.0000000e+00
  -1.1290000e+03   0.0000000e+00   0.0000000e+00
  -1.1280000e+03   0.0000000e+00   0.0000000e+00
  -1.1270000e+03   0.0000000e+00   0.0000000e+00
  -1.1260000e+03   0.0000000e+00   0.0000000e+00
  -1.1250000e+03   0.0000000e+00   0.0000000e+00
  -1.1240000e+03   0.0000000e+00   0.0000000e+00
  -1.1230000e+03   0.0000000e+00   0.0000000e+00
  -1.1220000e+03   0.0000000e+00   0.0000000e+00
  -1.1210000e+03   0.0000000e+00   0.0000000e+00
  -1.1200000e+03   0.0000000e+00   0.0000000e+00
  -1.1190000e+03   0.0000000e+00   0.0000000e+00
  -1.1180000e+03   0.0000000e+00   0.0000000e+00
  -1.1170000e+03   0.0000000e+00   0.0000000e+00
  -1.1160000e+03   0.0000000e+00   0.0000000e+00
  -1.1150000e+03   0.0000000e+00   0.0000000e+00
  -1.1140000e+03   0.0000000e+00   0.0000000e+00
  -1.1130000e+03   0.0000000e+00   0.0000000e+00
  -1.1120000e+03   0.0000000e+00   0.0000000e+00
  -1.1110000e+03   0.0000000e+00   0.0000000e+00
  -1.1100000e+03   0.0000000e+00   0.0000000e+00
  -1.1090000e+03   0.0000000e+00   0.0000000e+00
  -1.1080000e+03   0.0000000e+00   0.0000000e+00
  -1.1070000e+03   0.0000000e+00   0.0000000e+00
  -1.1060000e+03   0.0000000e+00   0.0000000e+00
  -1.1050000e+03   0.0000000e+00   0.0000000e+00
  -1.1040000e+03   0.0000000e+00   0.0000000e+00
  -1.1030000e+03   0.0000000e+00   0.0000000e+00
  -1.1020000e+03   0.0000000e+00   0.0000000e+00
  -1.1010000e+03   0.0000000e+00   0.0000000e+00
  -1.1000000e+03   6.6784279e-01   1.1521329e-16
  -1.0990000e+03   6.5452716e-01   0.0000000e+00
  -1.0980000e+03   6.4737416e-01   1.1521329e-16
  -1.0970000e+03   6.6319410e-01   1.1521329e-16
  -1.0960000e+03   6.6138482e-01   0.0000000e+00
  -1.0950000e+03   6.7163673e-01   2.3042658e-16
  -1.0940000e+03   6.7725405e-01   0.0000000e+00
  -1.0930000e+03   6.7374696e-01   1.1521329e-16
  -1.0920000e+03   6.6578651e-01   1.1521329e-16
  -1.0910000e+03   6.6755666e-01   0.0000000e+00
  -1.0900000e+03   6.8966527e-01   1.1521329e-16
  -1.0890000e+03   6.9569479e-01   2.3042658e-16
  -1.0880000e+03   6.9623684e-01   0.0000000e+00
  -1.0870000e+03   6.9543882e-01   1.1521329e-16
  -1.0860000e+03   6.9859741e-01   0.0000000e+00
  -1.0850000e+03   6.8822292e-01   2.3042658e-16
  -1.0840000e+03   7.4516474e-01   1.1521329e-16
  -1.0830000e+03   8.0848540e-01   1.1521329e-16
  -1.0820000e+03   8.0757311e-01   0.0000000e+00
  -1.0810000e+03   7.9406605e-01   1.1521329e-16
  -1.0800000e+03   7.8439320e-01   0.0000000e+00
  -1.0790000e+03   7.7300156e-01   0.0000000e+00
  -1.0780000e+03   7.5506512e-01   2.3042658e-16
  -1.0770000e+03   7.3338506e-01   0.0000000e+00
  -1.0760000e+03   7.9556023e-01   0.0000000e+00
  -1.0750000e+03   8.0461861e-01   2.3042658e-16
  -1.0740000e+03   7.8991782e-01   0.0000000e+00
  -1.0730000e+03   7.9426221e-01   2.3042658e-16
  -1.0720000e+03   8.0726271e-01   1.1521329e-16
  -1.0710000e+03   7.9812716e-01   0.0000000e+00
  -1.0700000e+03   7.9598923e-01   1.1521329e-16
  -1.0690000e+03   8.0000559e-01   0.0000000e+00
  -1.0680000e+03   8.0998746e-01   0.0000000e+00
  -1.0670000e+03   8.1625289e-01   3.4563986e-16
  -1.0660000e+03   8.0908511e-01   0.0000000e+00
  -1.0650000e+03   8.3385246e-01   2.3042658e-16
  -1.0640000e+03   8.3048654e-01   0.0000000e+00
  -1.0630000e+03   8.4174908e-01   1.1521329e-16
  -1.0620000e+03   8.4034424e-01   0.0000000e+00
  -1.0610000e+03   8.4224926e-01   2.3042658e-16
  -1.0600000e+03   8.4013203e-01   0.0000000e+00
  -1.0590000e+03   8.3336146e-01   3.4563986e-16
  -1.0580000e+03   8.3316604e-01   0.0000000e+00
  -1.0570000e+03   8.1776714e-01   1.1521329e-16
  -1.0560000e+03   8.0543516e-01   0.0000000e+00
  -1.0550000e+03   7.8175309e-01   2.3042658e-16
  -1.0540000e+03   7.6955383e-01   0.0000000e+00
  -1.0530000e+03   7.4938485e-01   1.1521329e-16
  -1.0520000e+03   7.2562929e-01   2.3042658e-16
  -1.0510000e+03   6.9492011e-01   0.0000000e+00
  -1.0500000e+03   6.7072929e-01   1.1521329e-16
  -1.0490000e+03   6.7575808e-01   0.0000000e+00
  -1.0480000e+03   6.4680616e-01   0.0000000e+00
  -1.0470000e+03   6.6895799e-01   2.3042658e-16
  -1.0460000e+03   6.8006804e-01   2.3042658e-16
  -1.0450000e+03   6.8068501e-01   2.3042658e-16
  -1.0440000e+03   7.0004746e-01   0.0000000e+00
  -1.0430000e+03   7.0502974e-01   2.3042658e-16
  -1.0420000e+03   7.0084855e-01   0.0000000e+00
  -1.0410000e+03   6.8271313e-01   1.1521329e-16
  -1.0400000e+03   6.6859786e-01   0.0000000e+00
  -1.0390000e+03   6.4184328e-01   0.0000000e+00
  -1.0380000e+03   6.3138648e-01   1.1521329e-16
  -1.0370000e+03   6.2390860e-01   1.1521329e-16
  -1.0360000e+03   5.7196631e-01   0.0000000e+00
  -1.0350000e+03   6.0255907e-01   1.1521329e-16
  -1.0340000e+03   6.0079763e-01   1.1521329e-16
  -1.0330000e+03   5.7074582e-01   1.1521329e-16
  -1.0320000e+03   5.7088929e-01   2.3042658e-16
  -1.0310000e+03   5.8062213e-01   1.1521329e-16
  -1.0300000e+03   5.7759216e-01   1.1521329e-16
  -1.0290000e+03   5.6832027e-01   1.1521329e-16
  -1.0280000e+03   5.4329491e-01   1.1521329e-16
  -1.0270000e+03   5.4870939e-01   0.0000000e+00
  -1.0260000e+03   5.4850324e-01   1.1521329e-16
  -1.0250000e+03   5.6482750e-01   1.1521329e-16
  -1.0240000e+03   5.6404285e-01   0.0000000e+00
  -1.0230000e+03   5.2524904e-01   2.3042658e-16
  -1.0220000e+03   5.4459171e-01   0.0000000e+00
  -1.0210000e+03   5.5447650e-01   0.0000000e+00
  -1.0200000e+03   5.6025607e-01   1.1521329e-16
  -1.0190000e+03   5.5789092e-01   2.3042658e-16
  -1.0180000e+03   5.5522666e-01   1.1521329e-16
  -1.0170000e+03   5.4814266e-01   1.1521329e-16
  -1.0160000e+03   5.5079755e-01   0.0000000e+00
  -1.0150000e+03   5.6040036e-01   1.1521329e-16
  -1.0140000e+03   5.5907898e-01   1.1521329e-16
  -1.0130000e+03   5.5336048e-01   2.3042658e-16
  -1.0120000e+03   5.5978563e-01   1.1521329e-16
  -1.0110000e+03   5.6270232e-01   1.1521329e-16
  -1.0100000e+03   5.6831678e-01   0.0000000e+00
  -1.0090000e+03   5.6930624e-01   0.0000000e+00
  -1.0080000e+03   5.7185915e-01   2.3042658e-16
  -1.0070000e+03   5.7380841e-01   1.1521329e-16
  -1.0060000e+03   5.7444567e-01   0.0000000e+00
  -1.0050000e+03   5.7407237e-01   1.1521329e-16
  -1.0040000e+03   5.6940311e-01   0.0000000e+00
  -1.0030000e+03   5.5975158e-01   1.1521329e-16
  -1.0020000e+03   5.4991451e-01   1.1521329e-16
  -1.0010000e+03   5.4581180e-01   0.0000000e+00
  -1.0000000e+03   5.3872449e-01   0.0000000e+00
  -9.9900000e+02   5.3971839e-01   2.3042658e-16
  -9.9800000e+02   5.4342834e-01   1.1521329e-16
  -9.9700000e+02   5.3106887e-01   1.1521329e-16
  -9.9600000e+02   4.9730669e-01   1.1521329e-16
  -9.9500000e+02   4.8133899e-01   5.7606644e-17
  -9.9400000e+02   4.8542582e-01   1.1521329e-16
  -9.9300000e+02   4.8470850e-01   1.1521329e-16
  -9.9200000e+02   4.8781075e-01   0.0000000e+00
  -9.9100000e+02   4.8642674e-01   0.0000000e+00
  -9.9000000e+02   4.8495921e-01   5.7606644e-17
  -9.8900000e+02   4.8620477e-01   5.7606644e-17
  -9.8800000e+02   4.7820621e-01   1.7281993e-16
  -9.8700000e+02   4.8484520e-01   1.7281993e-16
  -9.8600000e+02   4.8935588e-01   5.7606644e-17
  -9.8500000e+02   4.5660786e-01   5.7606644e-17
  -9.8400000e+02   4.8628755e-01   1.1521329e-16
  -9.8300000e+02   5.1853028e-01   1.1521329e-16
  -9.8200000e+02   5.3106505e-01   1.1521329e-16
  -9.8100000e+02   5.3184029e-01   2.3042658e-16
  -9.8000000e+02   5.3002890e-01   0.0000000e+00
  -9.7900000e+02   5.2551102e-01   0.0000000e+00
  -9.7800000e+02   5.2803155e-01   0.0000000e+00
  -9.7700000e+02   5.2249213e-01   0.0000000e+00
  -9.7600000e+02   5.3196218e-01   1.1521329e-16
  -9.7500000e+02   5.2859355e-01   0.0000000e+00
  -9.7400000e+02   5.4294471e-01   0.0000000e+00
  -9.7300000e+02   5.4101633e-01   1.1521329e-16
  -9.7200000e+02   5.5616680e-01   1.1521329e-16
  -9.7100000e+02   5.7631903e-01   2.3042658e-16
  -9.7000000e+02   5.7631313e-01   0.0000000e+00
  -9.6900000e+02   5.7771107e-01   1.1521329e-16
  -9.6800000e+02   5.6444736e-01   1.1521329e-16
  -9.6700000e+02   5.7123108e-01   1.1521329e-16
  -9.6600000e+02   5.7081689e-01   0.0000000e+00
  -9.6500000e+02   5.7130570e-01   0.0000000e+00
  -9.6400000e+02   5.7289778e-01   0.0000000e+00
  -9.6300000e+02   5.7460872e-01   0.0000000e+00
  -9.6200000e+02   5.7959277e-01   0.0000000e+00
  -9.6100000e+02   5.7619624e-01   0.0000000e+00
  -9.6000000e+02   5.8026855e-01   0.0000000e+00
  -9.5900000e+02   5.8364724e-01   1.1521329e-16
  -9.5800000e+02   5.8363023e-01   1.1521329e-16
  -9.5700000e+02   5.7532826e-01   0.0000000e+00
  -9.5600000e+02   5.6438064e-01   1.1521329e-16
  -9.5500000e+02   5.4177581e-01   1.1521329e-16
  -9.5400000e+02   5.2299066e-01   1.1521329e-16
  -9.5300000e+02   5.4695593e-01   0.0000000e+00
  -9.5200000e+02   5.3514421e-01   0.0000000e+00
  -9.5100000e+02   5.5900407e-01   1.1521329e-16
  -9.5000000e+02   5.6752133e-01   1.1521329e-16
  -9.4900000e+02   5.8021085e-01   1.1521329e-16
  -9.4800000e+02   5.8496964e-01   0.0000000e+00
  -9.4700000e+02   5.7820731e-01   1.1521329e-16
  -9.4600000e+02   5.7081777e-01   1.1521329e-16
  -9.4500000e+02   5.8310440e-01   0.0000000e+00
  -9.4400000e+02   5.8250534e-01   1.1521329e-16
  -9.4300000e+02   5.8042058e-01   0.0000000e+00
  -9.4200000e+02   5.8070101e-01   1.1521329e-16
  -9.4100000e+02   5.9011067e-01   1.1521329e-16
  -9.4000000e+02   5.8765347e-01   1.1521329e-16
  -9.3900000e+02   5.9408407e-01   1.1521329e-16
  -9.3800000e+02   6.0021205e-01   0.0000000e+00
  -9.3700000e+02   6.1028400e-01   1.1521329e-16
  -9.3600000e+02   6.1041121e-01   1.1521329e-16
  -9.3500000e+02   6.2667463e-01   1.1521329e-16
  -9.3400000e+02   6.2012313e-01   0.0000000e+00
  -9.3300000e+02   6.4378871e-01   1.1521329e-16
  -9.3200000e+02   6.3196645e-01   0.0000000e+00
  -9.3100000e+02   6.2276952e-01   1.1521329e-16
  -9.3000000e+02   6.2812633e-01   1.1521329e-16
  -9.2900000e+02   6.3418024e-01   1.1521329e-16
  -9.2800000e+02   6.5037794e-01   0.0000000e+00
  -9.2700000e+02   6.5805297e-01   0.0000000e+00
  -9.2600000e+02   6.6313197e-01   1.1521329e-16
  -9.2500000e+02   6.5679591e-01   0.0000000e+00
  -9.2400000e+02   6.7927523e-01   1.1521329e-16
  -9.2300000e+02   6.7738199e-01   0.0000000e+00
  -9.2200000e+02   6.9542902e-01   1.1521329e-16
  -9.2100000e+02   6.9127914e-01   2.3042658e-16
  -9.2000000e+02   6.9497887e-01   0.0000000e+00
  -9.1900000e+02   6.8454183e-01   2.3042658e-16
  -9.1800000e+02   6.9788154e-01   1.1521329e-16
  -9.1700000e+02   7.0040763e-01   2.3042658e-16
  -9.1600000e+02   6.8669017e-01   2.3042658e-16
  -9.1500000e+02   6.8804312e-01   0.0000000e+00
  -9.1400000e+02   6.8845811e-01   0.0000000e+00
  -9.1300000e+02   6.9231491e-01   1.1521329e-16
  -9.1200000e+02   6.8850840e-01   0.0000000e+00
  -9.1100000e+02   6.8419380e-01   0.0000000e+00
  -9.1000000e+02   6.7661871e-01   1.1521329e-16
  -9.0900000e+02   6.7730013e-01   1.1521329e-16
  -9.0800000e+02   6.7333384e-01   0.0000000e+00
  -9.0700000e+02   6.6648480e-01   0.0000000e+00
  -9.0600000e+02   6.7233637e-01   2.3042658e-16
  -9.0500000e+02   6.7118430e-01   1.1521329e-16
  -9.0400000e+02   6.7017258e-01   1.1521329e-16
  -9.0300000e+02   6.6815666e-01   0.0000000e+00
  -9.0200000e+02   6.7588470e-01   0.0000000e+00
  -9.0100000e+02   6.7554567e-01   1.1521329e-16
  -9.0000000e+02   6.8060879e-01   0.0000000e+00
  -8.9900000e+02   6.8162805e-01   2.3042658e-16
  -8.9800000e+02   6.6727005e-01   0.0000000e+00
  -8.9700000e+02   6.7798691e-01   2.3042658e-16
  -8.9600000e+02   7.0301080e-01   1.1521329e-16
  -8.9500000e+02   7.2924517e-01   0.0000000e+00
  -8.9400000e+02   7.1940063e-01   1.1521329e-16
  -8.9300000e+02   7.2706364e-01   2.3042658e-16
  -8.9200000e+02   7.3197565e-01   0.0000000e+00
  -8.9100000e+02   7.2901590e-01   2.3042658e-16
  -8.9000000e+02   7.2644821e-01   1.1521329e-16
  -8.8900000e+02   7.2810328e-01   1.1521329e-16
  -8.8800000e+02   7.2029391e-01   0.0000000e+00
  -8.8700000e+02   7.1107077e-01   0.0000000e+00
  -8.8600000e+02   7.2911472e-01   2.3042658e-16
  -8.8500000e+02   7.1385447e-01   1.1521329e-16
  -8.8400000e+02   6.6472723e-01   1.1521329e-16
  -8.8300000e+02   6.6876023e-01   1.1521329e-16
  -8.8200000e+02   6.7870151e-01   1.1521329e-16
  -8.8100000e+02   6.8062573e-01   0.0000000e+00
  -8.8000000e+02   6.7764110e-01   0.0000000e+00
  -8.7900000e+02   6.7058126e-01   0.0000000e+00
  -8.7800000e+02   6.7564974e-01   1.1521329e-16
  -8.7700000e+02   6.7616237e-01   1.1521329e-16
  -8.7600000e+02   6.7644061e-01   1.1521329e-16
  -8.7500000e+02   6.6918972e-01   0.0000000e+00
  -8.7400000e+02   6.7746219e-01   1.1521329e-16
  -8.7300000e+02   6.7889792e-01   1.1521329e-16
  -8.7200000e+02   6.7609110e-01   0.0000000e+00
  -8.7100000e+02   6.7665774e-01   0.0000000e+00
  -8.7000000e+02   6.7209355e-01   0.0000000e+00
  -8.6900000e+02   6.6738123e-01   1.1521329e-16
  -8.6800000e+02   6.8251686e-01   1.1521329e-16
  -8.6700000e+02   6.7908388e-01   1.1521329e-16
  -8.6600000e+02   6.7394665e-01   1.1521329e-16
  -8.6500000e+02   6.9266488e-01   1.1521329e-16
  -8.6400000e+02   7.1351236e-01   0.0000000e+00
  -8.6300000e+02   7.2731342e-01   1.1521329e-16
  -8.6200000e+02   7.4242667e-01   0.0000000e+00
  -8.6100000e+02   7.5031033e-01   1.1521329e-16
  -8.6000000e+02   7.6272526e-01   2.3042658e-16
  -8.5900000e+02   7.7222830e-01   0.0000000e+00
  -8.5800000e+02   7.8150143e-01   2.3042658e-16
  -8.5700000e+02   7.8168748e-01   0.0000000e+00
  -8.5600000e+02   7.9184052e-01   0.0000000e+00
  -8.5500000e+02   7.9272365e-01   0.0000000e+00
  -8.5400000e+02   7.8822404e-01   2.3042658e-16
  -8.5300000e+02   7.9077260e-01   0.0000000e+00
  -8.5200000e+02   7.8574285e-01   0.0000000e+00
  -8.5100000e+02   7.8828184e-01   1.1521329e-16
  -8.5000000e+02   7.8202264e-01   1.1521329e-16
  -8.4900000e+02   7.8220035e-01   1.1521329e-16
  -8.4800000e+02   7.8817130e-01   1.1521329e-16
  -8.4700000e+02   7.8781909e-01   1.1521329e-16
  -8.4600000e+02   7.9104659e-01   0.0000000e+00
  -8.4500000e+02   7.9488408e-01   1.1521329e-16
  -8.4400000e+02   7.9943705e-01   2.3042658e-16
  -8.4300000e+02   7.9766213e-01   0.0000000e+00
  -8.4200000e+02   7.9944799e-01   1.1521329e-16
  -8.4100000e+02   7.9936195e-01   1.1521329e-16
  -8.4000000e+02   8.0247545e-01   2.3042658e-16
  -8.3900000e+02   8.0706022e-01   3.4563986e-16
  -8.3800000e+02   8.1439576e-01   1.1521329e-16
  -8.3700000e+02   8.1720971e-01   1.1521329e-16
  -8.3600000e+02   8.1649425e-01   2.3042658e-16
  -8.3500000e+02   8.1183367e-01   3.4563986e-16
  -8.3400000e+02   8.1936201e-01   0.0000000e+00
  -8.3300000e+02   8.2035996e-01   1.1521329e-16
  -8.3200000e+02   8.2173537e-01   3.4563986e-16
  -8.3100000e+02   8.2216681e-01   1.1521329e-16
  -8.3000000e+02   8.1725984e-01   3.4563986e-16
  -8.2900000e+02   8.1826504e-01   1.1521329e-16
  -8.2800000e+02   8.1327302e-01   1.1521329e-16
  -8.2700000e+02   8.0677935e-01   1.1521329e-16
  -8.2600000e+02   8.0623612e-01   0.0000000e+00
  -8.2500000e+02   7.9325609e-01   0.0000000e+00
  -8.2400000e+02   7.9824201e-01   0.0000000e+00
  -8.2300000e+02   7.7976110e-01   1.1521329e-16
  -8.2200000e+02   8.0925403e-01   0.0000000e+00
  -8.2100000e+02   8.1251984e-01   2.3042658e-16
  -8.2000000e+02   8.1159816e-01   1.1521329e-16
  -8.1900000e+02   8.0676772e-01   0.0000000e+00
  -8.1800000e+02   8.0472147e-01   1.1521329e-16
  -8.1700000e+02   8.0852726e-01   0.0000000e+00
  -8.1600000e+02   8.0690138e-01   2.3042658e-16
  -8.1500000e+02   8.2619331e-01   1.1521329e-16
  -8.1400000e+02   8.2868730e-01   3.4563986e-16
  -8.1300000e+02   8.3152217e-01   2.3042658e-16
  -8.1200000e+02   8.3164883e-01   3.4563986e-16
  -8.1100000e+02   8.1753516e-01   0.0000000e+00
  -8.1000000e+02   8.0499789e-01   0.0000000e+00
  -8.0900000e+02   6.9576133e-01   0.0000000e+00
  -8.0800000e+02   7.2909285e-01   0.0000000e+00
  -8.0700000e+02   7.2788369e-01   0.0000000e+00
  -8.0600000e+02   7.2178962e-01   1.1521329e-16
  -8.0500000e+02   7.1171271e-01   1.1521329e-16
  -8.0400000e+02   7.2365978e-01   0.0000000e+00
  -8.0300000e+02   7.2745015e-01   2.3042658e-16
  -8.0200000e+02   7.2444273e-01   2.3042658e-16
  -8.0100000e+02   7.2574604e-01   1.1521329e-16
  -8.0000000e+02   7.2918714e-01   2.3042658e-16
  -7.9900000e+02   7.2247350e-01   0.0000000e+00
  -7.9800000e+02   7.1455557e-01   1.1521329e-16
  -7.9700000e+02   7.0673000e-01   1.1521329e-16
  -7.9600000e+02   6.9597426e-01   0.0000000e+00
  -7.9500000e+02   6.9068636e-01   1.1521329e-16
  -7.9400000e+02   6.8621363e-01   1.1521329e-16
  -7.9300000e+02   6.8240954e-01   0.0000000e+00
  -7.9200000e+02   6.8507122e-01   0.0000000e+00
  -7.9100000e+02   6.9179405e-01   0.0000000e+00
  -7.9000000e+02   6.9630225e-01   1.1521329e-16
  -7.8900000e+02   7.0305202e-01   0.0000000e+00
  -7.8800000e+02   7.0783975e-01   0.0000000e+00
  -7.8700000e+02   7.0027791e-01   1.1521329e-16
  -7.8600000e+02   7.0083278e-01   1.1521329e-16
  -7.8500000e+02   7.0647452e-01   1.1521329e-16
  -7.8400000e+02   7.0453650e-01   1.1521329e-16
  -7.8300000e+02   6.9456866e-01   0.0000000e+00
  -7.8200000e+02   6.9741556e-01   1.1521329e-16
  -7.8100000e+02   6.8393409e-01   1.1521329e-16
  -7.8000000e+02   6.8276369e-01   2.3042658e-16
  -7.7900000e+02   6.7377911e-01   0.0000000e+00
  -7.7800000e+02   6.5990668e-01   0.0000000e+00
  -7.7700000e+02   6.7725357e-01   0.0000000e+00
  -7.7600000e+02   6.7555937e-01   1.1521329e-16
  -7.7500000e+02   6.7665853e-01   1.1521329e-16
  -7.7400000e+02   6.7280538e-01   1.1521329e-16
  -7.7300000e+02   6.7947569e-01   1.1521329e-16
  -7.7200000e+02   6.7986726e-01   2.3042658e-16
  -7.7100000e+02   6.7739982e-01   0.0000000e+00
  -7.7000000e+02   6.8080099e-01   1.1521329e-16
  -7.6900000e+02   6.8246734e-01   1.1521329e-16
  -7.6800000e+02   6.8255388e-01   2.3042658e-16
  -7.6700000e+02   6.8055329e-01   1.1521329e-16
  -7.6600000e+02   6.7321718e-01   2.3042658e-16
  -7.6500000e+02   6.5989124e-01   1.1521329e-16
  -7.6400000e+02   6.4461935e-01   0.0000000e+00
  -7.6300000e+02   6.3767601e-01   1.1521329e-16
  -7.6200000e+02   6.4328473e-01   1.1521329e-16
  -7.6100000e+02   6.4314813e-01   1.1521329e-16
  -7.6000000e+02   6.6719097e-01   1.1521329e-16
  -7.5900000e+02   6.7843106e-01   1.1521329e-16
  -7.5800000e+02   7.0822328e-01   1.1521329e-16
  -7.5700000e+02   7.0794502e-01   1.1521329e-16
  -7.5600000e+02   7.3674973e-01   0.0000000e+00
  -7.5500000e+02   7.5052867e-01   1.1521329e-16
  -7.5400000e+02   7.4998642e-01   2.3042658e-16
  -7.5300000e+02   7.5029081e-01   1.1521329e-16
  -7.5200000e+02   7.4964236e-01   1.1521329e-16
  -7.5100000e+02   7.5044483e-01   1.1521329e-16
  -7.5000000e+02   7.4937800e-01   1.1521329e-16
  -7.4900000e+02   7.4972717e-01   1.1521329e-16
  -7.4800000e+02   7.4848715e-01   1.1521329e-16
  -7.4700000e+02   7.4604194e-01   0.0000000e+00
  -7.4600000e+02   7.4237505e-01   0.0000000e+00
  -7.4500000e+02   7.3806530e-01   0.0000000e+00
  -7.4400000e+02   7.4231962e-01   0.0000000e+00
  -7.4300000e+02   7.3810009e-01   0.0000000e+00
  -7.4200000e+02   7.2032277e-01   2.3042658e-16
  -7.4100000e+02   7.1655608e-01   2.3042658e-16
  -7.4000000e+02   7.0908776e-01   0.0000000e+00
  -7.3900000e+02   6.9460041e-01   1.1521329e-16
  -7.3800000e+02   7.0992112e-01   2.3042658e-16
  -7.3700000e+02   6.9245281e-01   1.1521329e-16
  -7.3600000e+02   7.2201256e-01   1.1521329e-16
  -7.3500000e+02   7.4662326e-01   1.1521329e-16
  -7.3400000e+02   7.6221842e-01   1.1521329e-16
  -7.3300000e+02   7.6864776e-01   1.1521329e-16
  -7.3200000e+02   7.7692164e-01   2.3042658e-16
  -7.3100000e+02   7.7958355e-01   1.1521329e-16
  -7.3000000e+02   7.7817274e-01   0.0000000e+00
  -7.2900000e+02   7.8055889e-01   0.0000000e+00
  -7.2800000e+02   7.7717034e-01   0.0000000e+00
  -7.2700000e+02   7.7106874e-01   0.0000000e+00
  -7.2600000e+02   7.7441498e-01   1.1521329e-16
  -7.2500000e+02   7.7578389e-01   1.1521329e-16
  -7.2400000e+02   7.7722134e-01   2.3042658e-16
  -7.2300000e+02   7.7728118e-01   2.3042658e-16
  -7.2200000e+02   7.7794843e-01   0.0000000e+00
  -7.2100000e+02   7.8135810e-01   0.0000000e+00
  -7.2000000e+02   7.8156221e-01   2.3042658e-16
  -7.1900000e+02   7.8218960e-01   1.1521329e-16
  -7.1800000e+02   7.8149924e-01   1.1521329e-16
  -7.1700000e+02   7.7637673e-01   0.0000000e+00
  -7.1600000e+02   7.7362696e-01   0.0000000e+00
  -7.1500000e+02   7.7089271e-01   2.3042658e-16
  -7.1400000e+02   7.6732134e-01   2.3042658e-16
  -7.1300000e+02   7.6782626e-01   0.0000000e+00
  -7.1200000e+02   7.6341656e-01   2.3042658e-16
  -7.1100000e+02   7.7157590e-01   2.3042658e-16
  -7.1000000e+02   7.7698578e-01   1.1521329e-16
  -7.0900000e+02   8.1405913e-01   1.1521329e-16
  -7.0800000e+02   8.3900225e-01   0.0000000e+00
  -7.0700000e+02   8.4497060e-01   1.1521329e-16
  -7.0600000e+02   8.4389704e-01   0.0000000e+00
  -7.0500000e+02   8.3463764e-01   1.1521329e-16
  -7.0400000e+02   8.2249108e-01   2.3042658e-16
  -7.0300000e+02   8.4213287e-01   3.4563986e-16
  -7.0200000e+02   8.3822201e-01   0.0000000e+00
  -7.0100000e+02   8.3188575e-01   1.1521329e-16
  -7.0000000e+02   8.3360296e-01   2.3042658e-16
  -6.9900000e+02   8.4246119e-01   2.3042658e-16
  -6.9800000e+02   8.3676171e-01   0.0000000e+00
  -6.9700000e+02   8.4422752e-01   2.3042658e-16
  -6.9600000e+02   8.4678593e-01   0.0000000e+00
  -6.9500000e+02   8.3611869e-01   1.1521329e-16
  -6.9400000e+02   8.4321407e-01   0.0000000e+00
  -6.9300000e+02   8.4533152e-01   0.0000000e+00
  -6.9200000e+02   8.4429080e-01   1.1521329e-16
  -6.9100000e+02   8.3598689e-01   0.0000000e+00
  -6.9000000e+02   8.2826680e-01   0.0000000e+00
  -6.8900000e+02   8.1719046e-01   1.1521329e-16
  -6.8800000e+02   8.1814671e-01   0.0000000e+00
  -6.8700000e+02   8.2730317e-01   1.1521329e-16
  -6.8600000e+02   8.3197153e-01   3.4563986e-16
  -6.8500000e+02   8.3324672e-01   0.0000000e+00
  -6.8400000e+02   8.3427156e-01   0.0000000e+00
  -6.8300000e+02   8.3570231e-01   1.1521329e-16
  -6.8200000e+02   8.3499528e-01   0.0000000e+00
  -6.8100000e+02   8.4116705e-01   1.1521329e-16
  -6.8000000e+02   8.4025162e-01   2.3042658e-16
  -6.7900000e+02   8.4389168e-01   0.0000000e+00
  -6.7800000e+02   8.4385552e-01   2.3042658e-16
  -6.7700000e+02   8.4384685e-01   2.3042658e-16
  -6.7600000e+02   8.4042255e-01   1.1521329e-16
  -6.7500000e+02   8.4178141e-01   0.0000000e+00
  -6.7400000e+02   8.4251875e-01   3.4563986e-16
  -6.7300000e+02   8.5275169e-01   0.0000000e+00
  -6.7200000e+02   8.5393623e-01   0.0000000e+00
  -6.7100000e+02   8.5794300e-01   0.0000000e+00
  -6.7000000e+02   8.6913920e-01   2.3042658e-16
  -6.6900000e+02   8.7094389e-01   1.1521329e-16
  -6.6800000e+02   8.7412468e-01   2.3042658e-16
  -6.6700000e+02   8.7379097e-01   0.0000000e+00
  -6.6600000e+02   8.7481143e-01   1.1521329e-16
  -6.6500000e+02   8.7619958e-01   3.4563986e-16
  -6.6400000e+02   8.7781177e-01   0.0000000e+00
  -6.6300000e+02   8.7479919e-01   3.4563986e-16
  -6.6200000e+02   8.7260008e-01   0.0000000e+00
  -6.6100000e+02   8.6581662e-01   1.1521329e-16
  -6.6000000e+02   8.6253375e-01   1.1521329e-16
  -6.5900000e+02   8.4961797e-01   1.1521329e-16
  -6.5800000e+02   8.5542674e-01   0.0000000e+00
  -6.5700000e+02   8.4111939e-01   1.1521329e-16
  -6.5600000e+02   8.5057793e-01   0.0000000e+00
  -6.5500000e+02   8.5288676e-01   1.1521329e-16
  -6.5400000e+02   8.6442743e-01   1.1521329e-16
  -6.5300000e+02   8.6375623e-01   0.0000000e+00
  -6.5200000e+02   8.5767239e-01   0.0000000e+00
  -6.5100000e+02   8.5527682e-01   1.1521329e-16
  -6.5000000e+02   8.5926923e-01   0.0000000e+00
  -6.4900000e+02   8.6819137e-01   0.0000000e+00
  -6.4800000e+02   8.6887542e-01   1.1521329e-16
  -6.4700000e+02   8.7444483e-01   0.0000000e+00
  -6.4600000e+02   8.8240808e-01   0.0000000e+00
  -6.4500000e+02   8.8953122e-01   1.1521329e-16
  -6.4400000e+02   8.8950730e-01   1.1521329e-16
  -6.4300000e+02   8.9362157e-01   0.0000000e+00
  -6.4200000e+02   9.0284002e-01   2.3042658e-16
  -6.4100000e+02   9.0517296e-01   1.1521329e-16
  -6.4000000e+02   9.0290725e-01   1.1521329e-16
  -6.3900000e+02   8.8868283e-01   0.0000000e+00
  -6.3800000e+02   8.7723583e-01   2.3042658e-16
  -6.3700000e+02   8.2679557e-01   1.1521329e-16
  -6.3600000e+02   8.1889780e-01   1.1521329e-16
  -6.3500000e+02   8.0952775e-01   0.0000000e+00
  -6.3400000e+02   8.0678252e-01   2.3042658e-16
  -6.3300000e+02   7.9381618e-01   0.0000000e+00
  -6.3200000e+02   8.0166330e-01   1.1521329e-16
  -6.3100000e+02   8.0241979e-01   1.1521329e-16
  -6.3000000e+02   7.9389575e-01   2.3042658e-16
  -6.2900000e+02   7.9137868e-01   2.3042658e-16
  -6.2800000e+02   8.0143430e-01   1.1521329e-16
  -6.2700000e+02   7.9763165e-01   2.3042658e-16
  -6.2600000e+02   7.9458641e-01   1.1521329e-16
  -6.2500000e+02   7.9910663e-01   0.0000000e+00
  -6.2400000e+02   8.0195843e-01   1.1521329e-16
  -6.2300000e+02   8.1451217e-01   1.1521329e-16
  -6.2200000e+02   8.1211116e-01   1.1521329e-16
  -6.2100000e+02   8.2179359e-01   1.1521329e-16
  -6.2000000e+02   8.2577702e-01   1.1521329e-16
  -6.1900000e+02   8.3002427e-01   3.4563986e-16
  -6.1800000e+02   8.2960435e-01   0.0000000e+00
  -6.1700000e+02   8.2381939e-01   1.1521329e-16
  -6.1600000e+02   8.1628186e-01   1.1521329e-16
  -6.1500000e+02   7.9149411e-01   1.1521329e-16
  -6.1400000e+02   7.8279321e-01   2.3042658e-16
  -6.1300000e+02   7.9636810e-01   2.3042658e-16
  -6.1200000e+02   7.8134307e-01   0.0000000e+00
  -6.1100000e+02   7.6446853e-01   2.3042658e-16
  -6.1000000e+02   7.3379302e-01   0.0000000e+00
  -6.0900000e+02   7.3058866e-01   1.1521329e-16
  -6.0800000e+02   7.1633241e-01   1.1521329e-16
  -6.0700000e+02   7.1711256e-01   1.1521329e-16
  -6.0600000e+02   7.0886953e-01   1.1521329e-16
  -6.0500000e+02   6.8538871e-01   1.1521329e-16
  -6.0400000e+02   6.8183010e-01   1.1521329e-16
  -6.0300000e+02   6.8798423e-01   1.1521329e-16
  -6.0200000e+02   6.7885330e-01   0.0000000e+00
  -6.0100000e+02   6.8222595e-01   1.1521329e-16
  -6.0000000e+02   6.8931391e-01   1.1521329e-16
  -5.9900000e+02   6.9768327e-01   0.0000000e+00
  -5.9800000e+02   7.0517793e-01   1.1521329e-16
  -5.9700000e+02   7.0744169e-01   0.0000000e+00
  -5.9600000e+02   7.0851961e-01   1.1521329e-16
  -5.9500000e+02   7.0562416e-01   0.0000000e+00
  -5.9400000e+02   7.0505368e-01   2.3042658e-16
  -5.9300000e+02   7.0529989e-01   0.0000000e+00
  -5.9200000e+02   7.0396967e-01   1.1521329e-16
  -5.9100000e+02   7.0240626e-01   1.1521329e-16
  -5.9000000e+02   6.9776722e-01   0.0000000e+00
  -5.8900000e+02   6.7812223e-01   0.0000000e+00
  -5.8800000e+02   6.8853848e-01   2.3042658e-16
  -5.8700000e+02   6.8682967e-01   0.0000000e+00
  -5.8600000e+02   6.8124811e-01   1.1521329e-16
  -5.8500000e+02   6.6628716e-01   1.1521329e-16
  -5.8400000e+02   6.6128109e-01   0.0000000e+00
  -5.8300000e+02   6.5583846e-01   0.0000000e+00
  -5.8200000e+02   6.6099728e-01   1.1521329e-16
  -5.8100000e+02   6.5807243e-01   0.0000000e+00
  -5.8000000e+02   6.5740414e-01   1.1521329e-16
  -5.7900000e+02   6.5522299e-01   1.1521329e-16
  -5.7800000e+02   6.5810661e-01   1.1521329e-16
  -5.7700000e+02   6.6400627e-01   1.1521329e-16
  -5.7600000e+02   6.6726045e-01   0.0000000e+00
  -5.7500000e+02   6.6351710e-01   1.1521329e-16
  -5.7400000e+02   6.6912260e-01   1.1521329e-16
  -5.7300000e+02   6.7313822e-01   1.1521329e-16
  -5.7200000e+02   6.6841153e-01   1.1521329e-16
  -5.7100000e+02   6.6356673e-01   0.0000000e+00
  -5.7000000e+02   6.6674227e-01   2.3042658e-16
  -5.6900000e+02   6.4725228e-01   2.3042658e-16
  -5.6800000e+02   6.5465891e-01   0.0000000e+00
  -5.6700000e+02   6.6705575e-01   1.1521329e-16
  -5.6600000e+02   6.6988819e-01   0.0000000e+00
  -5.6500000e+02   6.7036436e-01   1.1521329e-16
  -5.6400000e+02   6.6526429e-01   1.1521329e-16
  -5.6300000e+02   6.6049911e-01   0.0000000e+00
  -5.6200000e+02   6.5067784e-01   1.1521329e-16
  -5.6100000e+02   6.4737113e-01   0.0000000e+00
  -5.6000000e+02   6.4084818e-01   1.1521329e-16
  -5.5900000e+02   6.4358614e-01   1.1521329e-16
  -5.5800000e+02   6.4152586e-01   1.1521329e-16
  -5.5700000e+02   6.3820626e-01   1.1521329e-16
  -5.5600000e+02   6.2909154e-01   1.1521329e-16
  -5.5500000e+02   6.2953319e-01   0.0000000e+00
  -5.5400000e+02   6.3328575e-01   0.0000000e+00
  -5.5300000e+02   6.3814092e-01   0.0000000e+00
  -5.5200000e+02   6.4146117e-01   1.1521329e-16
  -5.5100000e+02   6.4507650e-01   2.3042658e-16
  -5.5000000e+02   6.3772507e-01   1.1521329e-16
  -5.4900000e+02   6.4219684e-01   0.0000000e+00
  -5.4800000e+02   6.3797708e-01   1.1521329e-16
  -5.4700000e+02   6.3606940e-01   1.1521329e-16
  -5.4600000e+02   6.3711894e-01   1.1521329e-16
  -5.4500000e+02   6.4209434e-01   2.3042658e-16
  -5.4400000e+02   6.4225712e-01   0.0000000e+00
  -5.4300000e+02   6.3416309e-01   1.1521329e-16
  -5.4200000e+02   6.3777160e-01   2.3042658e-16
  -5.4100000e+02   6.3994343e-01   1.1521329e-16
  -5.4000000e+02   6.3723761e-01   1.1521329e-16
  -5.3900000e+02   6.4998145e-01   0.0000000e+00
  -5.3800000e+02   6.4843470e-01   0.0000000e+00
  -5.3700000e+02   7.1021532e-01   0.0000000e+00
  -5.3600000e+02   7.1584027e-01   1.1521329e-16
  -5.3500000e+02   7.2042435e-01   2.3042658e-16
  -5.3400000e+02   7.2975553e-01   0.0000000e+00
  -5.3300000e+02   7.3646097e-01   0.0000000e+00
  -5.3200000e+02   7.3447389e-01   1.1521329e-16
  -5.3100000e+02   7.2583340e-01   2.3042658e-16
  -5.3000000e+02   7.2780817e-01   2.3042658e-16
  -5.2900000e+02   7.2977650e-01   0.0000000e+00
  -5.2800000e+02   7.3211114e-01   0.0000000e+00
  -5.2700000e+02   7.3242496e-01   0.0000000e+00
  -5.2600000e+02   7.3003521e-01   0.0000000e+00
  -5.2500000e+02   7.2458566e-01   0.0000000e+00
  -5.2400000e+02   7.1925876e-01   1.1521329e-16
  -5.2300000e+02   7.1853921e-01   1.1521329e-16
  -5.2200000e+02   7.0984123e-01   1.1521329e-16
  -5.2100000e+02   7.0102751e-01   0.0000000e+00
  -5.2000000e+02   6.9733242e-01   0.0000000e+00
  -5.1900000e+02   6.9787915e-01   1.1521329e-16
  -5.1800000e+02   7.0175571e-01   0.0000000e+00
  -5.1700000e+02   7.0346989e-01   2.3042658e-16
  -5.1600000e+02   7.1135809e-01   1.1521329e-16
  -5.1500000e+02   7.0910171e-01   2.3042658e-16
  -5.1400000e+02   6.8792646e-01   1.1521329e-16
  -5.1300000e+02   7.0475388e-01   1.1521329e-16
  -5.1200000e+02   6.9277933e-01   1.1521329e-16
  -5.1100000e+02   6.7857677e-01   0.0000000e+00
  -5.1000000e+02   7.0925564e-01   2.3042658e-16
  -5.0900000e+02   7.1550801e-01   0.0000000e+00
  -5.0800000e+02   7.3294435e-01   2.3042658e-16
  -5.0700000e+02   7.2815064e-01   0.0000000e+00
  -5.0600000e+02   7.2309318e-01   1.1521329e-16
  -5.0500000e+02   7.2159269e-01   0.0000000e+00
  -5.0400000e+02   7.2516690e-01   1.1521329e-16
  -5.0300000e+02   7.3574256e-01   0.0000000e+00
  -5.0200000e+02   7.4203987e-01   2.3042658e-16
  -5.0100000e+02   7.5235606e-01   2.3042658e-16
  -5.0000000e+02   7.4866522e-01   0.0000000e+00
  -4.9900000e+02   7.4869474e-01   2.3042658e-16
  -4.9800000e+02   7.4771535e-01   2.3042658e-16
  -4.9700000e+02   7.4915530e-01   1.1521329e-16
  -4.9600000e+02   7.3661170e-01   2.3042658e-16
  -4.9500000e+02   6.7772933e-01   1.1521329e-16
  -4.9400000e+02   6.6947367e-01   2.3042658e-16
  -4.9300000e+02   6.6378545e-01   1.1521329e-16
  -4.9200000e+02   6.6038151e-01   1.1521329e-16
  -4.9100000e+02   6.6862014e-01   1.1521329e-16
  -4.9000000e+02   6.7405037e-01   2.3042658e-16
  -4.8900000e+02   6.6335769e-01   1.1521329e-16
  -4.8800000e+02   6.7544025e-01   0.0000000e+00
  -4.8700000e+02   6.8464355e-01   1.1521329e-16
  -4.8600000e+02   6.8806636e-01   0.0000000e+00
  -4.8500000e+02   6.8847974e-01   2.3042658e-16
  -4.8400000e+02   6.8482683e-01   1.1521329e-16
  -4.8300000e+02   6.6698842e-01   1.1521329e-16
  -4.8200000e+02   6.6317112e-01   1.1521329e-16
  -4.8100000e+02   6.8077502e-01   2.3042658e-16
  -4.8000000e+02   6.8608662e-01   2.3042658e-16
  -4.7900000e+02   6.8935573e-01   1.1521329e-16
  -4.7800000e+02   6.9600168e-01   2.3042658e-16
  -4.7700000e+02   7.0583882e-01   0.0000000e+00
  -4.7600000e+02   7.0662240e-01   1.1521329e-16
  -4.7500000e+02   7.0148144e-01   0.0000000e+00
  -4.7400000e+02   6.9430338e-01   1.1521329e-16
  -4.7300000e+02   6.9037320e-01   1.1521329e-16
  -4.7200000e+02   6.9722560e-01   1.1521329e-16
  -4.7100000e+02   6.9630195e-01   0.0000000e+00
  -4.7000000e+02   7.0250878e-01   1.1521329e-16
  -4.6900000e+02   6.9744376e-01   0.0000000e+00
  -4.6800000e+02   6.9737172e-01   0.0000000e+00
  -4.6700000e+02   6.9686653e-01   0.0000000e+00
  -4.6600000e+02   6.7868629e-01   1.1521329e-16
  -4.6500000e+02   6.8508232e-01   2.3042658e-16
  -4.6400000e+02   6.8705216e-01   2.3042658e-16
  -4.6300000e+02   6.8572779e-01   2.3042658e-16
  -4.6200000e+02   6.9172383e-01   1.1521329e-16
  -4.6100000e+02   6.8992314e-01   1.1521329e-16
  -4.6000000e+02   6.8786526e-01   2.3042658e-16
  -4.5900000e+02   6.8839859e-01   2.3042658e-16
  -4.5800000e+02   6.7957600e-01   0.0000000e+00
  -4.5700000e+02   6.8600922e-01   1.1521329e-16
  -4.5600000e+02   6.8920163e-01   1.1521329e-16
  -4.5500000e+02   6.9063364e-01   0.0000000e+00
  -4.5400000e+02   6.8534711e-01   1.1521329e-16
  -4.5300000e+02   6.8721952e-01   1.1521329e-16
  -4.5200000e+02   6.8233729e-01   1.1521329e-16
  -4.5100000e+02   6.8464810e-01   0.0000000e+00
  -4.5000000e+02   6.8340869e-01   0.0000000e+00
  -4.4900000e+02   6.8434837e-01   2.3042658e-16
  -4.4800000e+02   6.7889341e-01   1.1521329e-16
  -4.4700000e+02   6.7950291e-01   1.1521329e-16
  -4.4600000e+02   6.8344288e-01   0.0000000e+00
  -4.4500000e+02   6.8371112e-01   2.3042658e-16
  -4.4400000e+02   6.8203065e-01   0.0000000e+00
  -4.4300000e+02   6.8806597e-01   2.3042658e-16
  -4.4200000e+02   6.8697960e-01   2.3042658e-16
  -4.4100000e+02   6.8107671e-01   0.0000000e+00
  -4.4000000e+02   6.7785673e-01   0.0000000e+00
  -4.3900000e+02   6.7736391e-01   0.0000000e+00
  -4.3800000e+02   6.7031484e-01   0.0000000e+00
  -4.3700000e+02   6.7113292e-01   2.3042658e-16
  -4.3600000e+02   6.6708988e-01   1.1521329e-16
  -4.3500000e+02   6.6700514e-01   1.1521329e-16
  -4.3400000e+02   6.6268590e-01   1.1521329e-16
  -4.3300000e+02   6.6892524e-01   0.0000000e+00
  -4.3200000e+02   6.6839353e-01   1.1521329e-16
  -4.3100000e+02   6.7042792e-01   1.1521329e-16
  -4.3000000e+02   6.6966948e-01   1.1521329e-16
  -4.2900000e+02   6.6567673e-01   1.1521329e-16
  -4.2800000e+02   6.5760441e-01   0.0000000e+00
  -4.2700000e+02   6.5405120e-01   1.1521329e-16
  -4.2600000e+02   6.5102105e-01   1.1521329e-16
  -4.2500000e+02   6.2338421e-01   1.1521329e-16
  -4.2400000e+02   6.1870206e-01   0.0000000e+00
  -4.2300000e+02   6.1534259e-01   2.3042658e-16
  -4.2200000e+02   6.1539638e-01   1.1521329e-16
  -4.2100000e+02   6.1389069e-01   0.0000000e+00
  -4.2000000e+02   6.1757058e-01   0.0000000e+00
  -4.1900000e+02   6.1466997e-01   0.0000000e+00
  -4.1800000e+02   6.0940334e-01   1.1521329e-16
  -4.1700000e+02   6.0156764e-01   1.1521329e-16
  -4.1600000e+02   5.8755590e-01   2.3042658e-16
  -4.1500000e+02   5.7719572e-01   0.0000000e+00
  -4.1400000e+02   5.9419415e-01   1.1521329e-16
  -4.1300000e+02   5.9482504e-01   0.0000000e+00
  -4.1200000e+02   5.9381947e-01   1.1521329e-16
  -4.1100000e+02   5.8210340e-01   1.1521329e-16
  -4.1000000e+02   5.6197155e-01   2.3042658e-16
  -4.0900000e+02   5.6326508e-01   1.1521329e-16
  -4.0800000e+02   5.5854826e-01   1.1521329e-16
  -4.0700000e+02   5.6295074e-01   0.0000000e+00
  -4.0600000e+02   5.6262578e-01   2.3042658e-16
  -4.0500000e+02   5.7232939e-01   1.1521329e-16
  -4.0400000e+02   5.3514374e-01   1.1521329e-16
  -4.0300000e+02   5.3681812e-01   1.1521329e-16
  -4.0200000e+02   5.5697071e-01   1.1521329e-16
  -4.0100000e+02   5.5978596e-01   1.1521329e-16
  -4.0000000e+02   6.0067639e-01   1.1521329e-16
  -3.9900000e+02   6.3472804e-01   1.1521329e-16
  -3.9800000e+02   6.5005200e-01   0.0000000e+00
  -3.9700000e+02   6.6545871e-01   1.1521329e-16
  -3.9600000e+02   6.7298075e-01   2.3042658e-16
  -3.9500000e+02   7.1227962e-01   1.1521329e-16
  -3.9400000e+02   7.4019126e-01   1.1521329e-16
  -3.9300000e+02   7.3684176e-01   1.1521329e-16
  -3.9200000e+02   7.3569806e-01   2.3042658e-16
  -3.9100000e+02   7.2950028e-01   0.0000000e+00
  -3.9000000e+02   7.4112382e-01   2.3042658e-16
  -3.8900000e+02   7.3658208e-01   2.3042658e-16
  -3.8800000e+02   7.3060027e-01   1.1521329e-16
  -3.8700000e+02   7.2921791e-01   1.1521329e-16
  -3.8600000e+02   7.2410054e-01   2.3042658e-16
  -3.8500000e+02   7.1816736e-01   0.0000000e+00
  -3.8400000e+02   7.2059290e-01   0.0000000e+00
  -3.8300000e+02   7.1962042e-01   1.1521329e-16
  -3.8200000e+02   7.1428350e-01   1.1521329e-16
  -3.8100000e+02   7.0479744e-01   0.0000000e+00
  -3.8000000e+02   6.7859056e-01   0.0000000e+00
  -3.7900000e+02   6.6702975e-01   2.3042658e-16
  -3.7800000e+02   6.5956772e-01   2.3042658e-16
  -3.7700000e+02   6.7496094e-01   2.3042658e-16
  -3.7600000e+02   6.6206751e-01   1.1521329e-16
  -3.7500000e+02   6.7718414e-01   0.0000000e+00
  -3.7400000e+02   6.7493828e-01   0.0000000e+00
  -3.7300000e+02   6.7804372e-01   2.3042658e-16
  -3.7200000e+02   6.8428231e-01   1.1521329e-16
  -3.7100000e+02   6.7899176e-01   0.0000000e+00
  -3.7000000e+02   6.7763301e-01   1.1521329e-16
  -3.6900000e+02   6.8003961e-01   1.1521329e-16
  -3.6800000e+02   6.8926691e-01   1.1521329e-16
  -3.6700000e+02   6.9282551e-01   0.0000000e+00
  -3.6600000e+02   6.9277764e-01   0.0000000e+00
  -3.6500000e+02   6.8958079e-01   1.1521329e-16
  -3.6400000e+02   6.7915672e-01   0.0000000e+00
  -3.6300000e+02   6.7844885e-01   0.0000000e+00
  -3.6200000e+02   6.8089331e-01   2.3042658e-16
  -3.6100000e+02   6.7337490e-01   0.0000000e+00
  -3.6000000e+02   6.7483626e-01   1.1521329e-16
  -3.5900000e+02   6.7259715e-01   1.1521329e-16
  -3.5800000e+02   6.5459810e-01   2.3042658e-16
  -3.5700000e+02   6.5294784e-01   0.0000000e+00
  -3.5600000e+02   6.4660763e-01   2.3042658e-16
  -3.5500000e+02   6.4313822e-01   0.0000000e+00
  -3.5400000e+02   6.2389640e-01   1.1521329e-16
  -3.5300000e+02   6.1453714e-01   1.1521329e-16
  -3.5200000e+02   6.1352629e-01   1.1521329e-16
  -3.5100000e+02   6.1608740e-01   1.1521329e-16
  -3.5000000e+02   6.1537553e-01   0.0000000e+00
  -3.4900000e+02   6.1150546e-01   1.1521329e-16
  -3.4800000e+02   6.0940203e-01   1.1521329e-16
  -3.4700000e+02   6.0964065e-01   2.3042658e-16
  -3.4600000e+02   6.0983484e-01   1.1521329e-16
  -3.4500000e+02   6.0888287e-01   0.0000000e+00
  -3.4400000e+02   6.1050844e-01   1.1521329e-16
  -3.4300000e+02   6.1049871e-01   1.1521329e-16
  -3.4200000e+02   6.1071007e-01   0.0000000e+00
  -3.4100000e+02   6.1258215e-01   0.0000000e+00
  -3.4000000e+02   6.1811258e-01   0.0000000e+00
  -3.3900000e+02   6.2242216e-01   0.0000000e+00
  -3.3800000e+02   6.3182397e-01   2.3042658e-16
  -3.3700000e+02   6.4150403e-01   2.3042658e-16
  -3.3600000e+02   6.3078613e-01   0.0000000e+00
  -3.3500000e+02   6.4900543e-01   0.0000000e+00
  -3.3400000e+02   6.7174537e-01   1.1521329e-16
  -3.3300000e+02   6.8122528e-01   2.3042658e-16
  -3.3200000e+02   6.8198628e-01   0.0000000e+00
  -3.3100000e+02   6.9318397e-01   1.1521329e-16
  -3.3000000e+02   6.9383119e-01   1.1521329e-16
  -3.2900000e+02   6.9088320e-01   2.3042658e-16
  -3.2800000e+02   6.9840557e-01   2.3042658e-16
  -3.2700000e+02   6.9644237e-01   0.0000000e+00
  -3.2600000e+02   6.9695248e-01   1.1521329e-16
  -3.2500000e+02   6.7478238e-01   2.3042658e-16
  -3.2400000e+02   7.5231266e-01   0.0000000e+00
  -3.2300000e+02   7.5948526e-01   1.1521329e-16
  -3.2200000e+02   7.6443347e-01   2.3042658e-16
  -3.2100000e+02   7.7225119e-01   0.0000000e+00
  -3.2000000e+02   7.7313939e-01   1.1521329e-16
  -3.1900000e+02   7.7165057e-01   1.1521329e-16
  -3.1800000e+02   7.6905543e-01   2.3042658e-16
  -3.1700000e+02   7.8155091e-01   1.1521329e-16
  -3.1600000e+02   7.8705501e-01   2.3042658e-16
  -3.1500000e+02   7.8788255e-01   1.1521329e-16
  -3.1400000e+02   7.9918142e-01   1.1521329e-16
  -3.1300000e+02   8.0692588e-01   1.1521329e-16
  -3.1200000e+02   8.1087218e-01   1.1521329e-16
  -3.1100000e+02   8.2501911e-01   1.1521329e-16
  -3.1000000e+02   8.3117279e-01   0.0000000e+00
  -3.0900000e+02   8.4307571e-01   0.0000000e+00
  -3.0800000e+02   8.5139853e-01   2.3042658e-16
  -3.0700000e+02   8.4679195e-01   1.1521329e-16
  -3.0600000e+02   8.4229515e-01   0.0000000e+00
  -3.0500000e+02   8.3552331e-01   1.1521329e-16
  -3.0400000e+02   8.4708519e-01   0.0000000e+00
  -3.0300000e+02   8.2916117e-01   0.0000000e+00
  -3.0200000e+02   8.3387329e-01   3.4563986e-16
  -3.0100000e+02   8.1781261e-01   1.1521329e-16
  -3.0000000e+02   8.1786596e-01   1.1521329e-16
  -2.9900000e+02   8.0817997e-01   1.1521329e-16
  -2.9800000e+02   8.0284250e-01   0.0000000e+00
  -2.9700000e+02   8.0066478e-01   3.4563986e-16
  -2.9600000e+02   8.0599877e-01   2.3042658e-16
  -2.9500000e+02   8.0815588e-01   1.1521329e-16
  -2.9400000e+02   8.0699850e-01   2.3042658e-16
  -2.9300000e+02   8.1197586e-01   3.4563986e-16
  -2.9200000e+02   8.1215998e-01   3.4563986e-16
  -2.9100000e+02   8.1229070e-01   2.3042658e-16
  -2.9000000e+02   8.1173454e-01   1.1521329e-16
  -2.8900000e+02   8.0855415e-01   2.3042658e-16
  -2.8800000e+02   8.1459463e-01   1.1521329e-16
  -2.8700000e+02   8.1341752e-01   3.4563986e-16
  -2.8600000e+02   8.1330515e-01   2.3042658e-16
  -2.8500000e+02   8.1358359e-01   0.0000000e+00
  -2.8400000e+02   8.1435041e-01   1.1521329e-16
  -2.8300000e+02   8.1495014e-01   1.1521329e-16
  -2.8200000e+02   8.1534523e-01   0.0000000e+00
  -2.8100000e+02   8.1077195e-01   0.0000000e+00
  -2.8000000e+02   8.0849702e-01   2.3042658e-16
  -2.7900000e+02   8.1540670e-01   3.4563986e-16
  -2.7800000e+02   8.1133792e-01   3.4563986e-16
  -2.7700000e+02   8.1631972e-01   1.1521329e-16
  -2.7600000e+02   8.0644012e-01   0.0000000e+00
  -2.7500000e+02   8.3572983e-01   2.3042658e-16
  -2.7400000e+02   8.3179041e-01   3.4563986e-16
  -2.7300000e+02   8.2814507e-01   1.1521329e-16
  -2.7200000e+02   8.3621666e-01   1.1521329e-16
  -2.7100000e+02   8.3365300e-01   1.1521329e-16
  -2.7000000e+02   8.2659294e-01   2.3042658e-16
  -2.6900000e+02   8.2771268e-01   1.1521329e-16
  -2.6800000e+02   8.2828173e-01   0.0000000e+00
  -2.6700000e+02   8.2480909e-01   3.4563986e-16
  -2.6600000e+02   8.1858602e-01   0.0000000e+00
  -2.6500000e+02   8.2313891e-01   0.0000000e+00
  -2.6400000e+02   8.1957525e-01   1.1521329e-16
  -2.6300000e+02   8.1850629e-01   3.4563986e-16
  -2.6200000e+02   8.1918308e-01   1.1521329e-16
  -2.6100000e+02   8.2013133e-01   1.1521329e-16
  -2.6000000e+02   7.9480882e-01   2.3042658e-16
  -2.5900000e+02   7.7938259e-01   1.1521329e-16
  -2.5800000e+02   7.8861743e-01   1.1521329e-16
  -2.5700000e+02   8.2535870e-01   0.0000000e+00
  -2.5600000e+02   8.3065774e-01   0.0000000e+00
  -2.5500000e+02   8.1651635e-01   1.1521329e-16
  -2.5400000e+02   8.3268685e-01   1.1521329e-16
  -2.5300000e+02   8.3759285e-01   2.3042658e-16
  -2.5200000e+02   8.4460818e-01   1.1521329e-16
  -2.5100000e+02   8.4768624e-01   2.3042658e-16
  -2.5000000e+02   8.4818917e-01   0.0000000e+00
  -2.4900000e+02   8.5237016e-01   1.1521329e-16
  -2.4800000e+02   8.5515113e-01   1.1521329e-16
  -2.4700000e+02   8.5635606e-01   0.0000000e+00
  -2.4600000e+02   8.4711106e-01   3.4563986e-16
  -2.4500000e+02   8.5277796e-01   3.4563986e-16
  -2.4400000e+02   8.5173249e-01   0.0000000e+00
  -2.4300000e+02   8.5299138e-01   0.0000000e+00
  -2.4200000e+02   8.5150054e-01   1.1521329e-16
  -2.4100000e+02   8.5075295e-01   0.0000000e+00
  -2.4000000e+02   8.4447953e-01   0.0000000e+00
  -2.3900000e+02   8.4439310e-01   1.1521329e-16
  -2.3800000e+02   8.4073501e-01   2.3042658e-16
  -2.3700000e+02   8.3880901e-01   1.1521329e-16
  -2.3600000e+02   8.3156635e-01   3.4563986e-16
  -2.3500000e+02   7.9676370e-01   2.3042658e-16
  -2.3400000e+02   8.2152844e-01   1.1521329e-16
  -2.3300000e+02   8.2463566e-01   1.1521329e-16
  -2.3200000e+02   8.2899405e-01   1.1521329e-16
  -2.3100000e+02   8.4025945e-01   1.1521329e-16
  -2.3000000e+02   8.4205340e-01   1.1521329e-16
  -2.2900000e+02   8.4457293e-01   3.4563986e-16
  -2.2800000e+02   8.4937897e-01   0.0000000e+00
  -2.2700000e+02   8.4847062e-01   2.3042658e-16
  -2.2600000e+02   8.5232168e-01   1.1521329e-16
  -2.2500000e+02   8.5285729e-01   0.0000000e+00
  -2.2400000e+02   8.5051916e-01   0.0000000e+00
  -2.2300000e+02   8.4265035e-01   0.0000000e+00
  -2.2200000e+02   8.4333896e-01   1.1521329e-16
  -2.2100000e+02   8.3904841e-01   0.0000000e+00
  -2.2000000e+02   8.3681352e-01   2.3042658e-16
  -2.1900000e+02   8.3121550e-01   0.0000000e+00
  -2.1800000e+02   8.2299175e-01   2.3042658e-16
  -2.1700000e+02   8.1715106e-01   2.3042658e-16
  -2.1600000e+02   8.1522924e-01   3.4563986e-16
  -2.1500000e+02   7.9868452e-01   0.0000000e+00
  -2.1400000e+02   7.7971362e-01   2.3042658e-16
  -2.1300000e+02   7.5485686e-01   0.0000000e+00
  -2.1200000e+02   7.3273234e-01   0.0000000e+00
  -2.1100000e+02   7.1998187e-01   1.1521329e-16
  -2.1000000e+02   6.7802482e-01   1.1521329e-16
  -2.0900000e+02   6.6695241e-01   0.0000000e+00
  -2.0800000e+02   6.5815201e-01   1.1521329e-16
  -2.0700000e+02   6.8005571e-01   0.0000000e+00
  -2.0600000e+02   6.7805571e-01   2.3042658e-16
  -2.0500000e+02   6.6173028e-01   1.1521329e-16
  -2.0400000e+02   6.7490745e-01   0.0000000e+00
  -2.0300000e+02   6.7379932e-01   2.3042658e-16
  -2.0200000e+02   6.7157982e-01   1.1521329e-16
  -2.0100000e+02   6.8557060e-01   0.0000000e+00
  -2.0000000e+02   6.5588595e-01   2.3042658e-16
  -1.9900000e+02   6.7678313e-01   1.1521329e-16
  -1.9800000e+02   6.8632886e-01   1.1521329e-16
  -1.9700000e+02   6.8670432e-01   1.1521329e-16
  -1.9600000e+02   6.9344566e-01   1.1521329e-16
  -1.9500000e+02   7.0663046e-01   1.1521329e-16
  -1.9400000e+02   7.0749195e-01   1.1521329e-16
  -1.9300000e+02   6.9801663e-01   2.3042658e-16
  -1.9200000e+02   6.7840975e-01   0.0000000e+00
  -1.9100000e+02   7.0079466e-01   0.0000000e+00
  -1.9000000e+02   7.2409815e-01   0.0000000e+00
  -1.8900000e+02   7.2632305e-01   2.3042658e-16
  -1.8800000e+02   7.2379161e-01   2.3042658e-16
  -1.8700000e+02   7.2309661e-01   1.1521329e-16
  -1.8600000e+02   7.1525193e-01   1.1521329e-16
  -1.8500000e+02   7.1448587e-01   0.0000000e+00
  -1.8400000e+02   7.1800579e-01   1.1521329e-16
  -1.8300000e+02   7.1854148e-01   2.3042658e-16
  -1.8200000e+02   7.1940965e-01   1.1521329e-16
  -1.8100000e+02   7.1879791e-01   2.3042658e-16
  -1.8000000e+02   7.1391363e-01   1.1521329e-16
  -1.7900000e+02   6.9048912e-01   1.1521329e-16
  -1.7800000e+02   6.9933851e-01   2.3042658e-16
  -1.7700000e+02   7.0988313e-01   0.0000000e+00
  -1.7600000e+02   7.1134040e-01   0.0000000e+00
  -1.7500000e+02   7.2304529e-01   1.1521329e-16
  -1.7400000e+02   7.2452619e-01   0.0000000e+00
  -1.7300000e+02   7.2436202e-01   1.1521329e-16
  -1.7200000e+02   7.2749270e-01   1.1521329e-16
  -1.7100000e+02   7.2147370e-01   0.0000000e+00
  -1.7000000e+02   7.3030392e-01   0.0000000e+00
  -1.6900000e+02   7.2844242e-01   0.0000000e+00
  -1.6800000e+02   7.3894406e-01   1.1521329e-16
  -1.6700000e+02   7.4863932e-01   2.3042658e-16
  -1.6600000e+02   7.5996588e-01   1.1521329e-16
  -1.6500000e+02   7.6330893e-01   1.1521329e-16
  -1.6400000e+02   7.6398834e-01   0.0000000e+00
  -1.6300000e+02   7.5643292e-01   2.3042658e-16
  -1.6200000e+02   7.5593186e-01   2.3042658e-16
  -1.6100000e+02   7.6204936e-01   0.0000000e+00
  -1.6000000e+02   7.6435005e-01   0.0000000e+00
  -1.5900000e+02   7.4867773e-01   2.3042658e-16
  -1.5800000e+02   7.2924718e-01   0.0000000e+00
  -1.5700000e+02   7.5119995e-01   1.1521329e-16
  -1.5600000e+02   7.5142019e-01   1.1521329e-16
  -1.5500000e+02   7.4590614e-01   2.3042658e-16
  -1.5400000e+02   7.4882981e-01   0.0000000e+00
  -1.5300000e+02   7.4604704e-01   0.0000000e+00
  -1.5200000e+02   7.4500588e-01   0.0000000e+00
  -1.5100000e+02   7.4670769e-01   1.1521329e-16
  -1.5000000e+02   7.4354511e-01   0.0000000e+00
  -1.4900000e+02   7.4668978e-01   2.3042658e-16
  -1.4800000e+02   7.4717636e-01   1.1521329e-16
  -1.4700000e+02   7.3892840e-01   0.0000000e+00
  -1.4600000e+02   7.4278026e-01   0.0000000e+00
  -1.4500000e+02   7.4712237e-01   0.0000000e+00
  -1.4400000e+02   7.4619573e-01   0.0000000e+00
  -1.4300000e+02   7.5837775e-01   0.0000000e+00
  -1.4200000e+02   7.5988525e-01   0.0000000e+00
  -1.4100000e+02   7.6314855e-01   1.1521329e-16
  -1.4000000e+02   7.6457228e-01   0.0000000e+00
  -1.3900000e+02   7.6594853e-01   1.1521329e-16
  -1.3800000e+02   7.5313904e-01   0.0000000e+00
  -1.3700000e+02   7.5107172e-01   1.1521329e-16
  -1.3600000e+02   7.4836046e-01   2.3042658e-16
  -1.3500000e+02   7.2397187e-01   0.0000000e+00
  -1.3400000e+02   7.1519324e-01   1.1521329e-16
  -1.3300000e+02   7.0120895e-01   1.1521329e-16
  -1.3200000e+02   6.9001743e-01   2.3042658e-16
  -1.3100000e+02   6.8021812e-01   1.1521329e-16
  -1.3000000e+02   6.6824276e-01   2.3042658e-16
  -1.2900000e+02   6.6273230e-01   1.1521329e-16
  -1.2800000e+02   6.6016577e-01   1.1521329e-16
  -1.2700000e+02   6.4922448e-01   1.1521329e-16
  -1.2600000e+02   6.5500015e-01   1.1521329e-16
  -1.2500000e+02   6.5484370e-01   0.0000000e+00
  -1.2400000e+02   6.5260687e-01   1.1521329e-16
  -1.2300000e+02   6.4803479e-01   0.0000000e+00
  -1.2200000e+02   6.4766514e-01   1.1521329e-16
  -1.2100000e+02   6.5066779e-01   0.0000000e+00
  -1.2000000e+02   6.5192813e-01   1.1521329e-16
  -1.1900000e+02   6.4981232e-01   0.0000000e+00
  -1.1800000e+02   6.6086841e-01   0.0000000e+00
  -1.1700000e+02   6.6528533e-01   1.1521329e-16
  -1.1600000e+02   6.6954174e-01   0.0000000e+00
  -1.1500000e+02   6.7140688e-01   1.1521329e-16
  -1.1400000e+02   6.8142011e-01   2.3042658e-16
  -1.1300000e+02   6.8720650e-01   2.3042658e-16
  -1.1200000e+02   6.8983065e-01   1.1521329e-16
  -1.1100000e+02   6.9343482e-01   1.1521329e-16
  -1.1000000e+02   6.8090728e-01   1.1521329e-16
  -1.0900000e+02   6.5767210e-01   1.1521329e-16
  -1.0800000e+02   6.6049715e-01   1.1521329e-16
  -1.0700000e+02   6.5572419e-01   0.0000000e+00
  -1.0600000e+02   6.6503911e-01   2.3042658e-16
  -1.0500000e+02   6.5448690e-01   1.1521329e-16
  -1.0400000e+02   6.5940668e-01   1.1521329e-16
  -1.0300000e+02   6.6598256e-01   1.1521329e-16
  -1.0200000e+02   6.6439756e-01   1.1521329e-16
  -1.0100000e+02   6.5727043e-01   1.1521329e-16
  -1.0000000e+02   6.5690982e-01   1.1521329e-16
  -9.9000000e+01   6.7244793e-01   1.1521329e-16
  -9.8000000e+01   6.9070372e-01   1.1521329e-16
  -9.7000000e+01   6.9791199e-01   1.1521329e-16
  -9.6000000e+01   6.9093367e-01   0.0000000e+00
  -9.5000000e+01   7.1174592e-01   0.0000000e+00
  -9.4000000e+01   7.1463953e-01   1.1521329e-16
  -9.3000000e+01   7.2761069e-01   1.1521329e-16
  -9.2000000e+01   7.2351817e-01   1.1521329e-16
  -9.1000000e+01   7.1589673e-01   1.1521329e-16
  -9.0000000e+01   7.0985373e-01   1.1521329e-16
  -8.9000000e+01   7.1142167e-01   1.1521329e-16
  -8.8000000e+01   7.3462030e-01   0.0000000e+00
  -8.7000000e+01   7.3626564e-01   0.0000000e+00
  -8.6000000e+01   7.3725382e-01   0.0000000e+00
  -8.5000000e+01   7.2476846e-01   0.0000000e+00
  -8.4000000e+01   7.2111032e-01   0.0000000e+00
  -8.3000000e+01   7.0928241e-01   1.1521329e-16
  -8.2000000e+01   7.0838745e-01   1.1521329e-16
  -8.1000000e+01   7.0210553e-01   1.1521329e-16
  -8.0000000e+01   6.9872215e-01   1.1521329e-16
  -7.9000000e+01   7.2688530e-01   0.0000000e+00
  -7.8000000e+01   7.1938228e-01   2.3042658e-16
  -7.7000000e+01   7.2687079e-01   1.1521329e-16
  -7.6000000e+01   7.2745120e-01   2.3042658e-16
  -7.5000000e+01   7.2735908e-01   1.1521329e-16
  -7.4000000e+01   7.2807790e-01   1.1521329e-16
  -7.3000000e+01   7.3285164e-01   2.3042658e-16
  -7.2000000e+01   7.3895321e-01   1.1521329e-16
  -7.1000000e+01   7.4137857e-01   0.0000000e+00
  -7.0000000e+01   7.4402339e-01   2.3042658e-16
  -6.9000000e+01   7.3440651e-01   2.3042658e-16
  -6.8000000e+01   7.2620117e-01   1.1521329e-16
  -6.7000000e+01   7.0007653e-01   0.0000000e+00
  -6.6000000e+01   7.0991584e-01   2.3042658e-16
  -6.5000000e+01   7.1985328e-01   2.3042658e-16
  -6.4000000e+01   7.3624161e-01   1.1521329e-16
  -6.3000000e+01   7.4206568e-01   0.0000000e+00
  -6.2000000e+01   7.3382702e-01   0.0000000e+00
  -6.1000000e+01   7.2383487e-01   1.1521329e-16
  -6.0000000e+01   7.3423263e-01   0.0000000e+00
  -5.9000000e+01   7.2772726e-01   0.0000000e+00
  -5.8000000e+01   7.3249332e-01   2.3042658e-16
  -5.7000000e+01   7.5027730e-01   1.1521329e-16
  -5.6000000e+01   7.5137308e-01   2.3042658e-16
  -5.5000000e+01   7.5236925e-01   0.0000000e+00
  -5.4000000e+01   7.5684015e-01   2.3042658e-16
  -5.3000000e+01   7.5268327e-01   0.0000000e+00
  -5.2000000e+01   7.4585531e-01   2.3042658e-16
  -5.1000000e+01   7.4798893e-01   0.0000000e+00
  -5.0000000e+01   7.4965307e-01   0.0000000e+00
  -4.9000000e+01   7.4413337e-01   2.3042658e-16
  -4.8000000e+01   7.4594002e-01   0.0000000e+00
  -4.7000000e+01   7.4228745e-01   0.0000000e+00
  -4.6000000e+01   7.4062684e-01   0.0000000e+00
  -4.5000000e+01   7.3420578e-01   0.0000000e+00
  -4.4000000e+01   7.3323771e-01   0.0000000e+00
  -4.3000000e+01   7.3330621e-01   1.1521329e-16
  -4.2000000e+01   7.0984161e-01   1.1521329e-16
  -4.1000000e+01   7.1695896e-01   0.0000000e+00
  -4.0000000e+01   7.1972089e-01   0.0000000e+00
  -3.9000000e+01   7.0694466e-01   1.1521329e-16
  -3.8000000e+01   7.1896031e-01   0.0000000e+00
  -3.7000000e+01   7.2081050e-01   0.0000000e+00
  -3.6000000e+01   7.2675376e-01   1.1521329e-16
  -3.5000000e+01   7.1844720e-01   1.1521329e-16
  -3.4000000e+01   7.3803780e-01   2.3042658e-16
  -3.3000000e+01   7.5521211e-01   2.3042658e-16
  -3.2000000e+01   7.5909168e-01   0.0000000e+00
  -3.1000000e+01   7.7034830e-01   1.1521329e-16
  -3.0000000e+01   7.6329274e-01   2.3042658e-16
  -2.9000000e+01   7.6680238e-01   0.0000000e+00
  -2.8000000e+01   7.6856670e-01   1.1521329e-16
  -2.7000000e+01   7.6493659e-01   2.3042658e-16
  -2.6000000e+01   7.6120285e-01   0.0000000e+00
  -2.5000000e+01   7.6465482e-01   1.1521329e-16
  -2.4000000e+01   7.6880274e-01   2.3042658e-16
  -2.3000000e+01   7.6802930e-01   0.0000000e+00
  -2.2000000e+01   7.7447130e-01   1.1521329e-16
  -2.1000000e+01   7.7414480e-01   0.0000000e+00
  -2.0000000e+01   7.7743744e-01   2.3042658e-16
  -1.9000000e+01   7.5873058e-01   2.3042658e-16
  -1.8000000e+01   7.6325798e-01   0.0000000e+00
  -1.7000000e+01   7.5577844e-01   0.0000000e+00
  -1.6000000e+01   7.6501758e-01   0.0000000e+00
  -1.5000000e+01   7.6969767e-01   1.1521329e-16
  -1.4000000e+01   7.7416974e-01   0.0000000e+00
  -1.3000000e+01   7.6526449e-01   0.0000000e+00
  -1.2000000e+01   7.4537135e-01   0.0000000e+00
  -1.1000000e+01   7.6271357e-01   2.3042658e-16
  -1.0000000e+01   7.6332289e-01   1.1521329e-16
  -9.0000000e+00   7.3576100e-01   0.0000000e+00
  -8.0000000e+00   7.0919156e-01   1.1521329e-16
  -7.0000000e+00   7.0483091e-01   2.3042658e-16
  -6.0000000e+00   7.0561326e-01   2.3042658e-16
  -5.0000000e+00   6.9972936e-01   0.0000000e+00
  -4.0000000e+00   6.9832866e-01   2.3042658e-16
  -3.0000000e+00   6.9317887e-01   1.1521329e-16
  -2.0000000e+00   6.8466264e-01   0.0000000e+00
  -1.0000000e+00   6.5740860e-01   0.0000000e+00
   0.0000000e+00   6.3944123e-01   1.1521329e-16
   1.0000000e+00   5.3649485e-01   1.1521329e-16
   2.0000000e+00   6.5429398e-01   2.3042658e-16
   3.0000000e+00   7.7448401e-01   2.3042658e-16
   4.0000000e+00   8.3465494e-01   2.3042658e-16
   5.0000000e+00   8.5589495e-01   1.1521329e-16
   6.0000000e+00   8.4800158e-01   2.3042658e-16
   7.0000000e+00   8.4595954e-01   0.0000000e+00
   8.0000000e+00   8.4449906e-01   1.1521329e-16
   9.0000000e+00   8.4507294e-01   0.0000000e+00
   1.0000000e+01   8.4806306e-01   0.0000000e+00
   1.1000000e+01   8.4793088e-01   0.0000000e+00
   1.2000000e+01   8.4580404e-01   1.1521329e-16
   1.3000000e+01   8.4745406e-01   3.4563986e-16
   1.4000000e+01   8.4706254e-01   1.1521329e-16
   1.5000000e+01   8.4609233e-01   1.1521329e-16
   1.6000000e+01   8.4517191e-01   3.4563986e-16
   1.7000000e+01   8.4565664e-01   0.0000000e+00
   1.8000000e+01   8.4507962e-01   3.4563986e-16
   1.9000000e+01   8.4532327e-01   2.3042658e-16
   2.0000000e+01   8.4505124e-01   3.4563986e-16
   2.1000000e+01   8.4242204e-01   2.3042658e-16
   2.2000000e+01   8.4086238e-01   0.0000000e+00
   2.3000000e+01   8.4051846e-01   0.0000000e+00
   2.4000000e+01   8.3963803e-01   1.1521329e-16
   2.5000000e+01   8.3890280e-01   2.3042658e-16
   2.6000000e+01   8.3757264e-01   1.1521329e-16
   2.7000000e+01   8.3628324e-01   1.1521329e-16
   2.8000000e+01   8.3669477e-01   2.3042658e-16
   2.9000000e+01   8.3422000e-01   2.3042658e-16
   3.0000000e+01   8.3369127e-01   0.0000000e+00
   3.1000000e+01   8.3433288e-01   1.1521329e-16
   3.2000000e+01   8.3228742e-01   0.0000000e+00
   3.3000000e+01   8.3470758e-01   3.4563986e-16
   3.4000000e+01   8.3379729e-01   0.0000000e+00
   3.5000000e+01   8.3380434e-01   2.3042658e-16
   3.6000000e+01   8.3377219e-01   1.1521329e-16
   3.7000000e+01   8.3378992e-01   2.3042658e-16
   3.8000000e+01   8.3492722e-01   2.3042658e-16
   3.9000000e+01   8.3641705e-01   1.1521329e-16
   4.0000000e+01   8.3682916e-01   1.1521329e-16
   4.1000000e+01   8.3758189e-01   3.4563986e-16
   4.2000000e+01   8.3904509e-01   2.3042658e-16
   4.3000000e+01   8.3901487e-01   1.1521329e-16
   4.4000000e+01   8.3876299e-01   2.3042658e-16
   4.5000000e+01   8.3729009e-01   1.1521329e-16
   4.6000000e+01   8.3848092e-01   2.3042658e-16
   4.7000000e+01   8.3862849e-01   2.3042658e-16
   4.8000000e+01   8.3766272e-01   1.1521329e-16
   4.9000000e+01   8.4012743e-01   0.0000000e+00
   5.0000000e+01   8.4369694e-01   1.1521329e-16
   5.1000000e+01   8.4251637e-01   1.1521329e-16
   5.2000000e+01   8.4393831e-01   2.3042658e-16
   5.3000000e+01   8.4239588e-01   0.0000000e+00
   5.4000000e+01   8.4503145e-01   3.4563986e-16
   5.5000000e+01   8.4369073e-01   0.0000000e+00
   5.6000000e+01   8.4377683e-01   2.3042658e-16
   5.7000000e+01   8.4247901e-01   1.1521329e-16
   5.8000000e+01   8.4729386e-01   0.0000000e+00
   5.9000000e+01   8.4624110e-01   2.3042658e-16
   6.0000000e+01   8.4679451e-01   2.3042658e-16
   6.1000000e+01   8.4833438e-01   3.4563986e-16
   6.2000000e+01   8.4716990e-01   2.3042658e-16
   6.3000000e+01   8.4928292e-01   0.0000000e+00
   6.4000000e+01   8.4904843e-01   2.3042658e-16
   6.5000000e+01   8.4818178e-01   1.1521329e-16
   6.6000000e+01   8.4721643e-01   1.1521329e-16
   6.7000000e+01   8.4737498e-01   2.3042658e-16
   6.8000000e+01   8.4664370e-01   0.0000000e+00
   6.9000000e+01   8.4712755e-01   3.4563986e-16
   7.0000000e+01   8.4735217e-01   0.0000000e+00
   7.1000000e+01   8.4751967e-01   2.3042658e-16
   7.2000000e+01   8.4637842e-01   0.0000000e+00
   7.3000000e+01   8.4567101e-01   3.4563986e-16
   7.4000000e+01   8.4498048e-01   2.3042658e-16
   7.5000000e+01   8.4658022e-01   3.4563986e-16
   7.6000000e+01   8.4717947e-01   1.1521329e-16
   7.7000000e+01   8.4635365e-01   2.3042658e-16
   7.8000000e+01   8.4517093e-01   0.0000000e+00
   7.9000000e+01   8.4339597e-01   2.3042658e-16
   8.0000000e+01   8.4390338e-01   1.1521329e-16
   8.1000000e+01   8.4704339e-01   0.0000000e+00
   8.2000000e+01   8.4593944e-01   0.0000000e+00
   8.3000000e+01   8.4617585e-01   0.0000000e+00
   8.4000000e+01   8.4613994e-01   2.3042658e-16
   8.5000000e+01   8.4306908e-01   1.1521329e-16
   8.6000000e+01   8.4497447e-01   1.1521329e-16
   8.7000000e+01   8.4708066e-01   0.0000000e+00
   8.8000000e+01   8.4767034e-01   1.1521329e-16
   8.9000000e+01   8.5208695e-01   2.3042658e-16
   9.0000000e+01   8.5188450e-01   3.4563986e-16
   9.1000000e+01   8.5169435e-01   2.3042658e-16
   9.2000000e+01   8.6071639e-01   2.3042658e-16
   9.3000000e+01   8.6436940e-01   0.0000000e+00
   9.4000000e+01   8.6610529e-01   1.1521329e-16
   9.5000000e+01   8.6692020e-01   2.3042658e-16
   9.6000000e+01   8.6865816e-01   2.3042658e-16
   9.7000000e+01   8.6785661e-01   2.3042658e-16
   9.8000000e+01   8.6971527e-01   1.1521329e-16
   9.9000000e+01   8.6891551e-01   1.1521329e-16
   1.0000000e+02   8.6120201e-01   1.1521329e-16
   1.0100000e+02   8.0737772e-01   0.0000000e+00
   1.0200000e+02   6.9968855e-01   0.0000000e+00
   1.0300000e+02   6.0815022e-01   2.3042658e-16
   1.0400000e+02   5.4606057e-01   0.0000000e+00
   1.0500000e+02   6.9105224e-01   0.0000000e+00
   1.0600000e+02   6.1550364e-01   1.1521329e-16
   1.0700000e+02   7.2057945e-01   1.1521329e-16
   1.0800000e+02   7.1213431e-01   0.0000000e+00
   1.0900000e+02   6.8807200e-01   1.1521329e-16
   1.1000000e+02   6.8633782e-01   1.1521329e-16
   1.1100000e+02   6.7920274e-01   0.0000000e+00
   1.1200000e+02   6.4651006e-01   2.3042658e-16
   1.1300000e+02   6.4920399e-01   1.1521329e-16
   1.1400000e+02   6.4375841e-01   1.1521329e-16
   1.1500000e+02   6.3505050e-01   1.1521329e-16
   1.1600000e+02   6.4131983e-01   1.1521329e-16
   1.1700000e+02   6.2265173e-01   1.1521329e-16
   1.1800000e+02   6.1481594e-01   1.1521329e-16
   1.1900000e+02   6.0597926e-01   2.3042658e-16
   1.2000000e+02   6.0378123e-01   1.1521329e-16
