  -1.2000000e+03   0.0000000e+00   0.0000000e+00
  -1.1990000e+03   0.0000000e+00   0.0000000e+00
  -1.1980000e+03   0.0000000e+00   0.0000000e+00
  -1.1970000e+03   0.0000000e+00   0.0000000e+00
  -1.1960000e+03   0.0000000e+00   0.0000000e+00
  -1.1950000e+03   0.0000000e+00   0.0000000e+00
  -1.1940000e+03   0.0000000e+00   0.0000000e+00
  -1.1930000e+03   0.0000000e+00   0.0000000e+00
  -1.1920000e+03   0.0000000e+00   0.0000000e+00
  -1.1910000e+03   0.0000000e+00   0.0000000e+00
  -1.1900000e+03   0.0000000e+00   0.0000000e+00
  -1.1890000e+03   0.0000000e+00   0.0000000e+00
  -1.1880000e+03   0.0000000e+00   0.0000000e+00
  -1.1870000e+03   0.0000000e+00   0.0000000e+00
  -1.1860000e+03   0.0000000e+00   0.0000000e+00
  -1.1850000e+03   0.0000000e+00   0.0000000e+00
  -1.1840000e+03   0.0000000e+00   0.0000000e+00
  -1.1830000e+03   0.0000000e+00   0.0000000e+00
  -1.1820000e+03   0.0000000e+00   0.0000000e+00
  -1.1810000e+03   0.0000000e+00   0.0000000e+00
  -1.1800000e+03   0.0000000e+00   0.0000000e+00
  -1.1790000e+03   0.0000000e+00   0.0000000e+00
  -1.1780000e+03   0.0000000e+00   0.0000000e+00
  -1.1770000e+03   0.0000000e+00   0.0000000e+00
  -1.1760000e+03   0.0000000e+00   0.0000000e+00
  -1.1750000e+03   0.0000000e+00   0.0000000e+00
  -1.1740000e+03   0.0000000e+00   0.0000000e+00
  -1.1730000e+03   0.0000000e+00   0.0000000e+00
  -1.1720000e+03   0.0000000e+00   0.0000000e+00
  -1.1710000e+03   0.0000000e+00   0.0000000e+00
  -1.1700000e+03   0.0000000e+00   0.0000000e+00
  -1.1690000e+03   0.0000000e+00   0.0000000e+00
  -1.1680000e+03   0.0000000e+00   0.0000000e+00
  -1.1670000e+03   0.0000000e+00   0.0000000e+00
  -1.1660000e+03   0.0000000e+00   0.0000000e+00
  -1.1650000e+03   0.0000000e+00   0.0000000e+00
  -1.1640000e+03   0.0000000e+00   0.0000000e+00
  -1.1630000e+03   0.0000000e+00   0.0000000e+00
  -1.1620000e+03   0.0000000e+00   0.0000000e+00
  -1.1610000e+03   0.0000000e+00   0.0000000e+00
  -1.1600000e+03   0.0000000e+00   0.0000000e+00
  -1.1590000e+03   0.0000000e+00   0.0000000e+00
  -1.1580000e+03   0.0000000e+00   0.0000000e+00
  -1.1570000e+03   0.0000000e+00   0.0000000e+00
  -1.1560000e+03   0.0000000e+00   0.0000000e+00
  -1.1550000e+03   0.0000000e+00   0.0000000e+00
  -1.1540000e+03   0.0000000e+00   0.0000000e+00
  -1.1530000e+03   0.0000000e+00   0.0000000e+00
  -1.1520000e+03   0.0000000e+00   0.0000000e+00
  -1.1510000e+03   0.0000000e+00   0.0000000e+00
  -1.1500000e+03   0.0000000e+00   0.0000000e+00
  -1.1490000e+03   0.0000000e+00   0.0000000e+00
  -1.1480000e+03   0.0000000e+00   0.0000000e+00
  -1.1470000e+03   0.0000000e+00   0.0000000e+00
  -1.1460000e+03   0.0000000e+00   0.0000000e+00
  -1.1450000e+03   0.0000000e+00   0.0000000e+00
  -1.1440000e+03   0.0000000e+00   0.0000000e+00
  -1.1430000e+03   0.0000000e+00   0.0000000e+00
  -1.1420000e+03   0.0000000e+00   0.0000000e+00
  -1.1410000e+03   0.0000000e+00   0.0000000e+00
  -1.1400000e+03   0.0000000e+00   0.0000000e+00
  -1.1390000e+03   0.0000000e+00   0.0000000e+00
  -1.1380000e+03   0.0000000e+00   0.0000000e+00
  -1.1370000e+03   0.0000000e+00   0.0000000e+00
  -1.1360000e+03   0.0000000e+00   0.0000000e+00
  -1.1350000e+03   0.0000000e+00   0.0000000e+00
  -1.1340000e+03   0.0000000e+00   0.0000000e+00
  -1.1330000e+03   0.0000000e+00   0.0000000e+00
  -1.1320000e+03   0.0000000e+00   0.0000000e+00
  -1.1310000e+03   0.0000000e+00   0.0000000e+00
  -1.1300000e+03   0.0000000e+00   0.0000000e+00
  -1.1290000e+03   0.0000000e+00   0.0000000e+00
  -1.1280000e+03   0.0000000e+00   0.0000000e+00
  -1.1270000e+03   0.0000000e+00   0.0000000e+00
  -1.1260000e+03   0.0000000e+00   0.0000000e+00
  -1.1250000e+03   0.0000000e+00   0.0000000e+00
  -1.1240000e+03   0.0000000e+00   0.0000000e+00
  -1.1230000e+03   0.0000000e+00   0.0000000e+00
  -1.1220000e+03   0.0000000e+00   0.0000000e+00
  -1.1210000e+03   0.0000000e+00   0.0000000e+00
  -1.1200000e+03   0.0000000e+00   0.0000000e+00
  -1.1190000e+03   0.0000000e+00   0.0000000e+00
  -1.1180000e+03   0.0000000e+00   0.0000000e+00
  -1.1170000e+03   0.0000000e+00   0.0000000e+00
  -1.1160000e+03   0.0000000e+00   0.0000000e+00
  -1.1150000e+03   0.0000000e+00   0.0000000e+00
  -1.1140000e+03   0.0000000e+00   0.0000000e+00
  -1.1130000e+03   0.0000000e+00   0.0000000e+00
  -1.1120000e+03   0.0000000e+00   0.0000000e+00
  -1.1110000e+03   0.0000000e+00   0.0000000e+00
  -1.1100000e+03   0.0000000e+00   0.0000000e+00
  -1.1090000e+03   0.0000000e+00   0.0000000e+00
  -1.1080000e+03   0.0000000e+00   0.0000000e+00
  -1.1070000e+03   0.0000000e+00   0.0000000e+00
  -1.1060000e+03   0.0000000e+00   0.0000000e+00
  -1.1050000e+03   0.0000000e+00   0.0000000e+00
  -1.1040000e+03   0.0000000e+00   0.0000000e+00
  -1.1030000e+03   0.0000000e+00   0.0000000e+00
  -1.1020000e+03   0.0000000e+00   0.0000000e+00
  -1.1010000e+03   0.0000000e+00   0.0000000e+00
  -1.1000000e+03   5.4143055e-01   1.6911538e+00
  -1.0990000e+03   5.3525936e-01   1.5871791e+00
  -1.0980000e+03   4.8433487e-01   1.3762947e+00
  -1.0970000e+03   4.4852462e-01   1.2258672e+00
  -1.0960000e+03   4.4626904e-01   1.1180294e+00
  -1.0950000e+03   4.7938994e-01   1.0557289e+00
  -1.0940000e+03   5.1412013e-01   1.1630163e+00
  -1.0930000e+03   4.4973077e-01   1.1886505e+00
  -1.0920000e+03   5.3748107e-01   1.0308994e+00
  -1.0910000e+03   6.0113876e-01   9.4876686e-01
  -1.0900000e+03   4.6387388e-01   9.8883918e-01
  -1.0890000e+03   4.1455748e-01   9.6147221e-01
  -1.0880000e+03   3.9965277e-01   9.3353298e-01
  -1.0870000e+03   4.0122988e-01   8.4785108e-01
  -1.0860000e+03   2.1695528e-01   7.8900234e-01
  -1.0850000e+03   3.6382888e-01   7.6387163e-01
  -1.0840000e+03   4.5113242e-01   8.3086911e-01
  -1.0830000e+03   5.3438182e-01   8.6493439e-01
  -1.0820000e+03   6.2740364e-01   9.3589596e-01
  -1.0810000e+03   6.6335845e-01   9.5824608e-01
  -1.0800000e+03   6.6675346e-01   1.0017189e+00
  -1.0790000e+03   6.5061007e-01   1.0129131e+00
  -1.0780000e+03   5.5008643e-01   1.1048099e+00
  -1.0770000e+03   4.6183963e-01   1.1536352e+00
  -1.0760000e+03   3.7149250e-01   1.1379271e+00
  -1.0750000e+03   3.4715264e-01   1.0075473e+00
  -1.0740000e+03   3.8417575e-01   8.4491770e-01
  -1.0730000e+03   4.1421698e-01   7.6605688e-01
  -1.0720000e+03   4.1866844e-01   7.6280543e-01
  -1.0710000e+03   4.9432308e-01   7.4280980e-01
  -1.0700000e+03   5.7420910e-01   7.3774210e-01
  -1.0690000e+03   7.6247371e-01   8.0292805e-01
  -1.0680000e+03   8.9684108e-01   9.0443005e-01
  -1.0670000e+03   9.1458489e-01   8.6258177e-01
  -1.0660000e+03   9.2104367e-01   7.5281142e-01
  -1.0650000e+03   9.1086647e-01   6.2792492e-01
  -1.0640000e+03   8.5826551e-01   5.3008308e-01
  -1.0630000e+03   7.7700771e-01   5.6830222e-01
  -1.0620000e+03   6.9134538e-01   7.2384796e-01
  -1.0610000e+03   6.9459752e-01   8.4597553e-01
  -1.0600000e+03   7.5519386e-01   8.9845467e-01
  -1.0590000e+03   9.0840096e-01   9.4174570e-01
  -1.0580000e+03   1.0515890e+00   9.2847035e-01
  -1.0570000e+03   1.0021304e+00   9.4704377e-01
  -1.0560000e+03   1.0580753e+00   1.0008624e+00
  -1.0550000e+03   1.1039727e+00   1.0998271e+00
  -1.0540000e+03   1.2055716e+00   1.2255567e+00
  -1.0530000e+03   1.0261698e+00   1.2115963e+00
  -1.0520000e+03   9.0986648e-01   1.0617250e+00
  -1.0510000e+03   7.4561433e-01   9.1991180e-01
  -1.0500000e+03   7.1594343e-01   9.1164986e-01
  -1.0490000e+03   6.9340780e-01   8.8336206e-01
  -1.0480000e+03   5.7663249e-01   9.6209851e-01
  -1.0470000e+03   5.2881442e-01   1.0645735e+00
  -1.0460000e+03   5.8085215e-01   1.0780211e+00
  -1.0450000e+03   6.5123266e-01   1.0414312e+00
  -1.0440000e+03   7.2340476e-01   1.1085703e+00
  -1.0430000e+03   8.3933505e-01   1.1880702e+00
  -1.0420000e+03   8.6557510e-01   1.2125452e+00
  -1.0410000e+03   8.5391243e-01   1.1822769e+00
  -1.0400000e+03   8.2044701e-01   1.0492450e+00
  -1.0390000e+03   8.2191535e-01   1.0298908e+00
  -1.0380000e+03   7.7769582e-01   1.0340535e+00
  -1.0370000e+03   7.9222944e-01   1.0244779e+00
  -1.0360000e+03   7.9276641e-01   9.7188062e-01
  -1.0350000e+03   7.9036043e-01   9.2329265e-01
  -1.0340000e+03   8.2973688e-01   8.9913605e-01
  -1.0330000e+03   8.8883533e-01   9.1667603e-01
  -1.0320000e+03   8.8984259e-01   9.5925894e-01
  -1.0310000e+03   8.9315889e-01   9.9241134e-01
  -1.0300000e+03   8.4286967e-01   1.0130688e+00
  -1.0290000e+03   7.7282878e-01   1.0145581e+00
  -1.0280000e+03   7.2119107e-01   1.1173228e+00
  -1.0270000e+03   6.7286759e-01   7.5968297e-01
  -1.0260000e+03   6.7522325e-01   6.0813830e-01
  -1.0250000e+03   7.2092510e-01   5.4779739e-01
  -1.0240000e+03   7.9179923e-01   5.0772458e-01
  -1.0230000e+03   7.8818778e-01   4.6227487e-01
  -1.0220000e+03   6.6648039e-01   4.5553122e-01
  -1.0210000e+03   5.6829053e-01   5.2647114e-01
  -1.0200000e+03   5.7758260e-01   6.6573728e-01
  -1.0190000e+03   6.1569983e-01   7.1700985e-01
  -1.0180000e+03   5.3468590e-01   7.1785157e-01
  -1.0170000e+03   5.1995943e-01   7.2868750e-01
  -1.0160000e+03   5.4187477e-01   8.3842883e-01
  -1.0150000e+03   6.2238594e-01   9.3802674e-01
  -1.0140000e+03   5.4586644e-01   8.4114766e-01
  -1.0130000e+03   5.9941464e-01   9.6717792e-01
  -1.0120000e+03   6.2159572e-01   9.9107723e-01
  -1.0110000e+03   5.8784949e-01   1.0795316e+00
  -1.0100000e+03   5.3192694e-01   1.0951916e+00
  -1.0090000e+03   4.4173013e-01   1.1553610e+00
  -1.0080000e+03   4.0177913e-01   1.1348518e+00
  -1.0070000e+03   4.9357847e-01   1.1417682e+00
  -1.0060000e+03   6.6026785e-01   1.1137616e+00
  -1.0050000e+03   6.2981415e-01   1.1541693e+00
  -1.0040000e+03   6.4826155e-01   1.2691707e+00
  -1.0030000e+03   6.1903203e-01   1.3066841e+00
  -1.0020000e+03   6.1363188e-01   1.3282248e+00
  -1.0010000e+03   5.8998204e-01   1.2759133e+00
  -1.0000000e+03   5.8468140e-01   1.2654462e+00
  -9.9900000e+02   4.7858764e-01   1.2901492e+00
  -9.9800000e+02   4.0466270e-01   1.1068217e+00
  -9.9700000e+02   3.4578475e-01   9.8084733e-01
  -9.9600000e+02   3.3220671e-01   9.2940085e-01
  -9.9500000e+02   3.2925964e-01   8.9454864e-01
  -9.9400000e+02   3.6465824e-01   9.3023115e-01
  -9.9300000e+02   4.4872378e-01   1.0577234e+00
  -9.9200000e+02   5.3753330e-01   1.1069983e+00
  -9.9100000e+02   6.0344676e-01   1.1626814e+00
  -9.9000000e+02   6.3214648e-01   1.2072256e+00
  -9.8900000e+02   5.9043010e-01   1.2260934e+00
  -9.8800000e+02   5.5637309e-01   1.1751618e+00
  -9.8700000e+02   4.9960036e-01   1.0951677e+00
  -9.8600000e+02   4.7927923e-01   1.0221067e+00
  -9.8500000e+02   4.9827684e-01   9.3456010e-01
  -9.8400000e+02   5.6139693e-01   8.7719569e-01
  -9.8300000e+02   6.3024268e-01   8.5259038e-01
  -9.8200000e+02   5.9135313e-01   8.7359232e-01
  -9.8100000e+02   5.7606418e-01   8.0022680e-01
  -9.8000000e+02   5.8309643e-01   7.5399122e-01
  -9.7900000e+02   5.6608142e-01   7.7499010e-01
  -9.7800000e+02   4.5456843e-01   8.5666917e-01
  -9.7700000e+02   5.2615467e-01   8.4738929e-01
  -9.7600000e+02   5.8619476e-01   8.3843771e-01
  -9.7500000e+02   6.6257912e-01   7.4262461e-01
  -9.7400000e+02   7.2653458e-01   7.3317357e-01
  -9.7300000e+02   8.3240370e-01   8.5307872e-01
  -9.7200000e+02   8.5030158e-01   8.2375496e-01
  -9.7100000e+02   8.5800457e-01   9.3430231e-01
  -9.7000000e+02   8.9983482e-01   9.8033355e-01
  -9.6900000e+02   9.3084094e-01   9.4489063e-01
  -9.6800000e+02   9.5002575e-01   9.0622163e-01
  -9.6700000e+02   9.8109038e-01   9.4132551e-01
  -9.6600000e+02   8.5784994e-01   1.0241956e+00
  -9.6500000e+02   7.9858716e-01   1.0272134e+00
  -9.6400000e+02   7.7336167e-01   1.1034176e+00
  -9.6300000e+02   6.5490052e-01   1.2420977e+00
  -9.6200000e+02   6.7143350e-01   1.1317740e+00
  -9.6100000e+02   6.5770419e-01   1.1770730e+00
  -9.6000000e+02   6.8123104e-01   1.1158046e+00
  -9.5900000e+02   6.8546269e-01   1.1372120e+00
  -9.5800000e+02   6.4274196e-01   1.2201125e+00
  -9.5700000e+02   6.5950225e-01   1.2321357e+00
  -9.5600000e+02   6.9503097e-01   1.2774303e+00
  -9.5500000e+02   7.2591101e-01   1.3498466e+00
  -9.5400000e+02   7.8270853e-01   1.4254201e+00
  -9.5300000e+02   8.1601064e-01   1.4325063e+00
  -9.5200000e+02   7.8174962e-01   1.5056722e+00
  -9.5100000e+02   6.6227499e-01   1.5591256e+00
  -9.5000000e+02   5.1574406e-01   1.4622685e+00
  -9.4900000e+02   4.0002788e-01   1.5116155e+00
  -9.4800000e+02   4.1891158e-01   1.4058734e+00
  -9.4700000e+02   4.7345414e-01   1.2726755e+00
  -9.4600000e+02   5.1947429e-01   1.1956397e+00
  -9.4500000e+02   4.9230388e-01   1.1648895e+00
  -9.4400000e+02   5.4977252e-01   1.1755832e+00
  -9.4300000e+02   5.2394753e-01   1.2503645e+00
  -9.4200000e+02   5.2328368e-01   1.3667712e+00
  -9.4100000e+02   5.8947869e-01   1.5195975e+00
  -9.4000000e+02   6.1927967e-01   1.4772605e+00
  -9.3900000e+02   6.2658830e-01   1.3349926e+00
  -9.3800000e+02   6.1765843e-01   1.1938708e+00
  -9.3700000e+02   5.3720094e-01   1.1640585e+00
  -9.3600000e+02   4.7418375e-01   1.1234464e+00
  -9.3500000e+02   5.8864817e-01   1.1324802e+00
  -9.3400000e+02   5.5757138e-01   1.2087724e+00
  -9.3300000e+02   6.3502915e-01   1.1801786e+00
  -9.3200000e+02   7.0075807e-01   1.1189922e+00
  -9.3100000e+02   6.9859947e-01   1.1358521e+00
  -9.3000000e+02   7.1840542e-01   1.1689629e+00
  -9.2900000e+02   7.6298348e-01   1.3541103e+00
  -9.2800000e+02   7.4902838e-01   1.3469047e+00
  -9.2700000e+02   6.9861784e-01   1.5074504e+00
  -9.2600000e+02   6.7664317e-01   1.3434803e+00
  -9.2500000e+02   6.4222167e-01   1.3220153e+00
  -9.2400000e+02   6.2046549e-01   1.3159472e+00
  -9.2300000e+02   6.1132151e-01   1.3100308e+00
  -9.2200000e+02   5.4944046e-01   1.2767360e+00
  -9.2100000e+02   5.3230293e-01   1.2050448e+00
  -9.2000000e+02   5.2621707e-01   1.1247164e+00
  -9.1900000e+02   4.9372368e-01   1.0887937e+00
  -9.1800000e+02   4.1880180e-01   1.1021768e+00
  -9.1700000e+02   2.7673296e-01   1.1428199e+00
  -9.1600000e+02   1.4078747e-01   1.1993259e+00
  -9.1500000e+02   9.3826593e-02   1.3252490e+00
  -9.1400000e+02   1.0332404e-01   1.3134886e+00
  -9.1300000e+02   1.3173320e-01   1.2030225e+00
  -9.1200000e+02   2.2107991e-01   1.1641972e+00
  -9.1100000e+02   3.6340722e-01   1.1630894e+00
  -9.1000000e+02   4.3791851e-01   1.1741679e+00
  -9.0900000e+02   5.6359343e-01   1.2482613e+00
  -9.0800000e+02   5.6875705e-01   1.3584989e+00
  -9.0700000e+02   5.1836890e-01   1.3780405e+00
  -9.0600000e+02   5.3566708e-01   1.4019448e+00
  -9.0500000e+02   5.7972944e-01   1.3874169e+00
  -9.0400000e+02   6.1924442e-01   1.4481122e+00
  -9.0300000e+02   6.5878803e-01   1.4942422e+00
  -9.0200000e+02   7.5430611e-01   1.5705173e+00
  -9.0100000e+02   7.7508065e-01   1.5854828e+00
  -9.0000000e+02   7.5148556e-01   1.3843510e+00
  -8.9900000e+02   8.3466712e-01   1.3325247e+00
  -8.9800000e+02   8.6029151e-01   1.4078448e+00
  -8.9700000e+02   8.4795674e-01   1.3668984e+00
  -8.9600000e+02   8.2032802e-01   1.3556568e+00
  -8.9500000e+02   9.0951050e-01   1.4285321e+00
  -8.9400000e+02   1.0100392e+00   1.5709117e+00
  -8.9300000e+02   1.0835148e+00   1.7083471e+00
  -8.9200000e+02   1.0369574e+00   1.8289530e+00
  -8.9100000e+02   1.0682899e+00   1.8433380e+00
  -8.9000000e+02   1.1043099e+00   1.7103957e+00
  -8.8900000e+02   1.0545747e+00   1.6704436e+00
  -8.8800000e+02   1.0368023e+00   1.5930071e+00
  -8.8700000e+02   1.0315326e+00   1.4986036e+00
  -8.8600000e+02   1.0072033e+00   1.4112486e+00
  -8.8500000e+02   9.0995436e-01   1.3334475e+00
  -8.8400000e+02   9.2369196e-01   1.2792818e+00
  -8.8300000e+02   7.3683890e-01   1.2895621e+00
  -8.8200000e+02   6.5524743e-01   1.2985433e+00
  -8.8100000e+02   6.2025309e-01   1.3224348e+00
  -8.8000000e+02   6.6050394e-01   1.2895413e+00
  -8.7900000e+02   7.2006624e-01   1.2684040e+00
  -8.7800000e+02   7.5303922e-01   1.2048328e+00
  -8.7700000e+02   7.9157327e-01   1.2457450e+00
  -8.7600000e+02   8.1043198e-01   1.4247172e+00
  -8.7500000e+02   7.7324675e-01   1.3648079e+00
  -8.7400000e+02   7.7792582e-01   1.2743414e+00
  -8.7300000e+02   6.4354198e-01   1.2101187e+00
  -8.7200000e+02   5.8165971e-01   1.1973206e+00
  -8.7100000e+02   5.8686343e-01   9.6722135e-01
  -8.7000000e+02   6.2043135e-01   9.3843424e-01
  -8.6900000e+02   6.6198425e-01   9.6679665e-01
  -8.6800000e+02   6.9223075e-01   1.0351960e+00
  -8.6700000e+02   7.6802931e-01   1.0946935e+00
  -8.6600000e+02   8.0903547e-01   1.0448131e+00
  -8.6500000e+02   7.9835819e-01   1.0884845e+00
  -8.6400000e+02   8.1765039e-01   1.2733000e+00
  -8.6300000e+02   9.2785809e-01   1.6041341e+00
  -8.6200000e+02   9.4298466e-01   1.5500079e+00
  -8.6100000e+02   8.7057375e-01   1.5371443e+00
  -8.6000000e+02   8.4051967e-01   1.6045642e+00
  -8.5900000e+02   8.4751607e-01   1.2292586e+00
  -8.5800000e+02   8.8055117e-01   1.1306219e+00
  -8.5700000e+02   8.4375201e-01   1.1229443e+00
  -8.5600000e+02   7.6192080e-01   1.1602921e+00
  -8.5500000e+02   6.3306659e-01   1.1650420e+00
  -8.5400000e+02   4.8837621e-01   1.1420604e+00
  -8.5300000e+02   5.8115408e-01   1.1743570e+00
  -8.5200000e+02   6.7568740e-01   1.1742225e+00
  -8.5100000e+02   7.3815874e-01   1.1920403e+00
  -8.5000000e+02   7.9886283e-01   1.2886009e+00
  -8.4900000e+02   6.7082530e-01   1.2555599e+00
  -8.4800000e+02   5.9526296e-01   1.2622973e+00
  -8.4700000e+02   5.4523932e-01   1.3335456e+00
  -8.4600000e+02   5.0481602e-01   1.1635556e+00
  -8.4500000e+02   4.6785902e-01   1.2253668e+00
  -8.4400000e+02   4.4767890e-01   1.3722666e+00
  -8.4300000e+02   2.9181454e-01   1.2813673e+00
  -8.4200000e+02   3.6222761e-01   1.2999761e+00
  -8.4100000e+02   4.5184029e-01   1.3213470e+00
  -8.4000000e+02   5.5503472e-01   1.3905756e+00
  -8.3900000e+02   6.5489115e-01   1.3432575e+00
  -8.3800000e+02   5.4996813e-01   1.4169797e+00
  -8.3700000e+02   4.2344241e-01   1.4460867e+00
  -8.3600000e+02   3.8365351e-01   1.3726579e+00
  -8.3500000e+02   3.8148185e-01   1.2406320e+00
  -8.3400000e+02   4.1467035e-01   1.2189632e+00
  -8.3300000e+02   4.6822167e-01   1.2498637e+00
  -8.3200000e+02   6.0357104e-01   1.2939567e+00
  -8.3100000e+02   6.5198877e-01   1.2909740e+00
  -8.3000000e+02   6.9828188e-01   1.3030329e+00
  -8.2900000e+02   7.5957644e-01   1.2915819e+00
  -8.2800000e+02   8.0809466e-01   1.2863438e+00
  -8.2700000e+02   7.2598671e-01   1.3141078e+00
  -8.2600000e+02   7.8635807e-01   1.3587493e+00
  -8.2500000e+02   6.7995965e-01   1.3848999e+00
  -8.2400000e+02   6.3551253e-01   1.4001290e+00
  -8.2300000e+02   6.4452448e-01   1.2692132e+00
  -8.2200000e+02   6.7448416e-01   1.1705652e+00
  -8.2100000e+02   6.0632414e-01   1.1642982e+00
  -8.2000000e+02   6.3537708e-01   1.1621213e+00
  -8.1900000e+02   6.6610270e-01   1.1619792e+00
  -8.1800000e+02   6.8945399e-01   1.1060811e+00
  -8.1700000e+02   7.0635725e-01   1.0167539e+00
  -8.1600000e+02   7.0117084e-01   9.5763659e-01
  -8.1500000e+02   6.9104282e-01   8.8856544e-01
  -8.1400000e+02   6.8206258e-01   8.6959261e-01
  -8.1300000e+02   6.6148391e-01   8.2742565e-01
  -8.1200000e+02   6.0498808e-01   7.3333427e-01
  -8.1100000e+02   5.7004960e-01   6.7719511e-01
  -8.1000000e+02   5.8530509e-01   6.8831212e-01
  -8.0900000e+02   5.1340240e-01   6.7936576e-01
  -8.0800000e+02   4.5698188e-01   6.2565695e-01
  -8.0700000e+02   4.2219559e-01   6.1610099e-01
  -8.0600000e+02   4.7703073e-01   6.8267665e-01
  -8.0500000e+02   5.4338827e-01   7.0750725e-01
  -8.0400000e+02   5.2342631e-01   7.1822646e-01
  -8.0300000e+02   6.9649176e-01   7.7202299e-01
  -8.0200000e+02   8.8338776e-01   6.9817487e-01
  -8.0100000e+02   9.3345048e-01   5.7586261e-01
  -8.0000000e+02   9.2265476e-01   5.4000606e-01
  -7.9900000e+02   8.4208066e-01   5.0541265e-01
  -7.9800000e+02   7.9510221e-01   5.2918753e-01
  -7.9700000e+02   7.1229399e-01   5.8179738e-01
  -7.9600000e+02   6.6929224e-01   6.4304090e-01
  -7.9500000e+02   6.8980583e-01   6.7039490e-01
  -7.9400000e+02   7.6657282e-01   7.2987715e-01
  -7.9300000e+02   8.1297784e-01   7.9614443e-01
  -7.9200000e+02   8.7673749e-01   7.8209780e-01
  -7.9100000e+02   9.0492340e-01   8.3703459e-01
  -7.9000000e+02   9.3918502e-01   8.7610963e-01
  -7.8900000e+02   9.1506008e-01   8.7303167e-01
  -7.8800000e+02   8.3640453e-01   9.5175400e-01
  -7.8700000e+02   8.2016955e-01   1.0053786e+00
  -7.8600000e+02   7.8298129e-01   1.0223737e+00
  -7.8500000e+02   6.8237480e-01   1.0280274e+00
  -7.8400000e+02   6.1494364e-01   1.0279657e+00
  -7.8300000e+02   6.6794749e-01   1.0697214e+00
  -7.8200000e+02   7.8311142e-01   1.1778484e+00
  -7.8100000e+02   6.8078239e-01   1.2943591e+00
  -7.8000000e+02   6.5882477e-01   1.0398667e+00
  -7.7900000e+02   5.6156933e-01   9.3828774e-01
  -7.7800000e+02   4.5852348e-01   9.5163167e-01
  -7.7700000e+02   3.4204846e-01   1.0541193e+00
  -7.7600000e+02   3.9679146e-01   1.0068632e+00
  -7.7500000e+02   4.0970925e-01   1.0438299e+00
  -7.7400000e+02   3.9815798e-01   9.9513220e-01
  -7.7300000e+02   4.0632841e-01   9.7209324e-01
  -7.7200000e+02   3.9241891e-01   1.0170037e+00
  -7.7100000e+02   3.1538397e-01   1.0268298e+00
  -7.7000000e+02   4.0547568e-01   9.4558895e-01
  -7.6900000e+02   4.7169490e-01   9.1533729e-01
  -7.6800000e+02   5.6302278e-01   9.3018457e-01
  -7.6700000e+02   4.7947694e-01   1.0601019e+00
  -7.6600000e+02   5.3790790e-01   1.1888986e+00
  -7.6500000e+02   6.1581229e-01   1.0261741e+00
  -7.6400000e+02   6.9364029e-01   9.4771228e-01
  -7.6300000e+02   7.2259214e-01   9.5710262e-01
  -7.6200000e+02   6.8003408e-01   1.0315397e+00
  -7.6100000e+02   5.8533852e-01   1.1521116e+00
  -7.6000000e+02   4.9506434e-01   1.2065655e+00
  -7.5900000e+02   4.5008530e-01   1.2561606e+00
  -7.5800000e+02   4.3960241e-01   1.0956285e+00
  -7.5700000e+02   5.0850977e-01   1.0158375e+00
  -7.5600000e+02   6.2223078e-01   1.0024793e+00
  -7.5500000e+02   6.4166342e-01   1.0961057e+00
  -7.5400000e+02   6.6713883e-01   1.0562457e+00
  -7.5300000e+02   7.3695244e-01   1.0260296e+00
  -7.5200000e+02   7.6518022e-01   1.0251534e+00
  -7.5100000e+02   7.4007262e-01   1.0456559e+00
  -7.5000000e+02   7.1671088e-01   1.1140250e+00
  -7.4900000e+02   7.0503338e-01   1.1993108e+00
  -7.4800000e+02   7.5489261e-01   1.2369231e+00
  -7.4700000e+02   8.2915992e-01   1.1026109e+00
  -7.4600000e+02   9.0873393e-01   1.1250642e+00
  -7.4500000e+02   1.0064817e+00   1.1143861e+00
  -7.4400000e+02   9.8919144e-01   1.1592804e+00
  -7.4300000e+02   9.2936393e-01   1.1093991e+00
  -7.4200000e+02   8.9168982e-01   1.0117326e+00
  -7.4100000e+02   8.5757297e-01   9.6449968e-01
  -7.4000000e+02   8.6020700e-01   9.6800780e-01
  -7.3900000e+02   8.9286621e-01   1.0076625e+00
  -7.3800000e+02   9.3498067e-01   1.0798400e+00
  -7.3700000e+02   9.6840957e-01   1.0768122e+00
  -7.3600000e+02   9.2441727e-01   1.0252015e+00
  -7.3500000e+02   8.8747795e-01   9.7704394e-01
  -7.3400000e+02   9.3465270e-01   7.8699711e-01
  -7.3300000e+02   9.7298342e-01   7.4003802e-01
  -7.3200000e+02   9.3501374e-01   8.3402039e-01
  -7.3100000e+02   9.3026458e-01   8.7678042e-01
  -7.3000000e+02   8.5234668e-01   6.9779455e-01
  -7.2900000e+02   8.1031552e-01   6.5328179e-01
  -7.2800000e+02   7.4445520e-01   6.6409626e-01
  -7.2700000e+02   7.3792101e-01   6.8419028e-01
  -7.2600000e+02   7.8838150e-01   7.1435473e-01
  -7.2500000e+02   7.3209523e-01   6.9456303e-01
  -7.2400000e+02   6.9340866e-01   6.9705965e-01
  -7.2300000e+02   6.4296755e-01   8.3108248e-01
  -7.2200000e+02   6.1628989e-01   8.7298819e-01
  -7.2100000e+02   6.5503494e-01   9.9448186e-01
  -7.2000000e+02   7.2172720e-01   1.0241694e+00
  -7.1900000e+02   8.3088327e-01   1.0556342e+00
  -7.1800000e+02   9.4841323e-01   9.3640767e-01
  -7.1700000e+02   9.4226071e-01   8.2932715e-01
  -7.1600000e+02   9.7318659e-01   7.9356558e-01
  -7.1500000e+02   1.0323633e+00   8.4006445e-01
  -7.1400000e+02   1.0771638e+00   8.5662090e-01
  -7.1300000e+02   1.1153046e+00   8.9634064e-01
  -7.1200000e+02   1.0398011e+00   9.4776996e-01
  -7.1100000e+02   9.4641089e-01   9.4666383e-01
  -7.1000000e+02   8.2421853e-01   9.5162944e-01
  -7.0900000e+02   7.8398894e-01   9.8100826e-01
  -7.0800000e+02   7.6839205e-01   9.6791510e-01
  -7.0700000e+02   7.2625404e-01   9.5224248e-01
  -7.0600000e+02   7.2095892e-01   9.5410744e-01
  -7.0500000e+02   6.3672062e-01   9.9764680e-01
  -7.0400000e+02   6.6796214e-01   9.1572452e-01
  -7.0300000e+02   5.5552503e-01   9.3391182e-01
  -7.0200000e+02   5.9918496e-01   1.0154968e+00
  -7.0100000e+02   5.7309296e-01   1.0506243e+00
  -7.0000000e+02   4.0619679e-01   9.3225918e-01
  -6.9900000e+02   4.5612411e-01   8.9711818e-01
  -6.9800000e+02   4.8607924e-01   8.0922127e-01
  -6.9700000e+02   5.3231441e-01   7.7849554e-01
  -6.9600000e+02   5.5100801e-01   7.9599609e-01
  -6.9500000e+02   5.6858706e-01   8.4261414e-01
  -6.9400000e+02   6.0079768e-01   9.2693183e-01
  -6.9300000e+02   6.5004153e-01   9.8557617e-01
  -6.9200000e+02   6.8803039e-01   9.5726004e-01
  -6.9100000e+02   6.6583469e-01   1.0504951e+00
  -6.9000000e+02   6.9451507e-01   1.2363330e+00
  -6.8900000e+02   6.4531858e-01   1.1101016e+00
  -6.8800000e+02   6.6141982e-01   1.0676998e+00
  -6.8700000e+02   6.6543785e-01   9.8035353e-01
  -6.8600000e+02   6.9733238e-01   8.4820352e-01
  -6.8500000e+02   7.2284833e-01   7.3110266e-01
  -6.8400000e+02   7.2248610e-01   6.9489753e-01
  -6.8300000e+02   7.3575985e-01   6.2261929e-01
  -6.8200000e+02   8.0888361e-01   6.6249359e-01
  -6.8100000e+02   8.6932347e-01   7.2899365e-01
  -6.8000000e+02   8.7340421e-01   6.2746752e-01
  -6.7900000e+02   7.7255778e-01   5.6748949e-01
  -6.7800000e+02   7.7522675e-01   5.9177290e-01
  -6.7700000e+02   8.4696277e-01   5.9808734e-01
  -6.7600000e+02   9.3270437e-01   5.8453866e-01
  -6.7500000e+02   9.5677194e-01   5.8864950e-01
  -6.7400000e+02   9.6017969e-01   6.8199282e-01
  -6.7300000e+02   9.3199884e-01   7.5162582e-01
  -6.7200000e+02   8.6666669e-01   6.0374229e-01
  -6.7100000e+02   8.5395582e-01   6.1679177e-01
  -6.7000000e+02   8.8493567e-01   7.1681369e-01
  -6.6900000e+02   7.6146838e-01   7.5911510e-01
  -6.6800000e+02   6.9138813e-01   6.4207871e-01
  -6.6700000e+02   6.1965283e-01   6.4673902e-01
  -6.6600000e+02   5.7573372e-01   6.1972876e-01
  -6.6500000e+02   5.0574622e-01   6.1711868e-01
  -6.6400000e+02   3.9108952e-01   6.0900513e-01
  -6.6300000e+02   2.5977619e-01   5.8433493e-01
  -6.6200000e+02   2.0323829e-01   6.0758841e-01
  -6.6100000e+02   2.0924187e-01   6.3893524e-01
  -6.6000000e+02   2.3562827e-01   6.9128995e-01
  -6.5900000e+02   2.3318734e-01   7.2719859e-01
  -6.5800000e+02   2.4040371e-01   7.3804351e-01
  -6.5700000e+02   2.7952876e-01   7.1703936e-01
  -6.5600000e+02   3.2530449e-01   6.2455913e-01
  -6.5500000e+02   3.4959811e-01   6.3476792e-01
  -6.5400000e+02   4.2726637e-01   6.9979878e-01
  -6.5300000e+02   4.8367530e-01   9.3428064e-01
  -6.5200000e+02   4.3842534e-01   8.3434292e-01
  -6.5100000e+02   3.7392558e-01   9.8995448e-01
  -6.5000000e+02   4.2431231e-01   8.7353854e-01
  -6.4900000e+02   5.0524019e-01   8.4156212e-01
  -6.4800000e+02   5.4225004e-01   8.3493941e-01
  -6.4700000e+02   6.0783724e-01   9.6530766e-01
  -6.4600000e+02   6.9430893e-01   8.9741557e-01
  -6.4500000e+02   8.7108146e-01   8.3043245e-01
  -6.4400000e+02   9.1378604e-01   7.2374792e-01
  -6.4300000e+02   9.1124956e-01   7.7317800e-01
  -6.4200000e+02   8.3926615e-01   9.0032234e-01
  -6.4100000e+02   7.9720413e-01   8.6749105e-01
  -6.4000000e+02   7.8809811e-01   8.6588258e-01
  -6.3900000e+02   7.5561559e-01   8.4583778e-01
  -6.3800000e+02   7.6918765e-01   9.3409095e-01
  -6.3700000e+02   8.4791597e-01   9.1755332e-01
  -6.3600000e+02   8.1061139e-01   8.7654803e-01
  -6.3500000e+02   7.5549775e-01   9.3493327e-01
  -6.3400000e+02   7.2282804e-01   1.0110937e+00
  -6.3300000e+02   7.0959932e-01   1.0340896e+00
  -6.3200000e+02   7.2843502e-01   9.9736429e-01
  -6.3100000e+02   7.7449401e-01   1.1107764e+00
  -6.3000000e+02   8.3806862e-01   1.0639303e+00
  -6.2900000e+02   7.8696214e-01   1.0419898e+00
  -6.2800000e+02   5.6945069e-01   9.6571572e-01
  -6.2700000e+02   5.5360244e-01   9.2763818e-01
  -6.2600000e+02   5.3731801e-01   8.7674574e-01
  -6.2500000e+02   5.8958794e-01   9.2604780e-01
  -6.2400000e+02   6.8818938e-01   9.9445708e-01
  -6.2300000e+02   7.9878646e-01   1.0137713e+00
  -6.2200000e+02   8.0318491e-01   1.0341246e+00
  -6.2100000e+02   6.8156504e-01   1.0907595e+00
  -6.2000000e+02   6.6269838e-01   1.1373289e+00
  -6.1900000e+02   7.3933354e-01   1.3088168e+00
  -6.1800000e+02   6.9972904e-01   1.1959714e+00
  -6.1700000e+02   6.5313659e-01   1.2464419e+00
  -6.1600000e+02   6.1375275e-01   1.1407210e+00
  -6.1500000e+02   6.6493414e-01   9.8940168e-01
  -6.1400000e+02   6.8648184e-01   9.1741938e-01
  -6.1300000e+02   7.8826941e-01   9.2368125e-01
  -6.1200000e+02   9.2780933e-01   1.0323404e+00
  -6.1100000e+02   9.4691424e-01   1.0179695e+00
  -6.1000000e+02   9.0093924e-01   1.0318258e+00
  -6.0900000e+02   8.2236929e-01   1.0085647e+00
  -6.0800000e+02   7.3299491e-01   1.1086507e+00
  -6.0700000e+02   7.8312295e-01   1.0690177e+00
  -6.0600000e+02   7.8828422e-01   1.1667531e+00
  -6.0500000e+02   8.0621252e-01   1.1882904e+00
  -6.0400000e+02   8.5954412e-01   1.0728922e+00
  -6.0300000e+02   7.8927906e-01   9.9931878e-01
  -6.0200000e+02   7.7293702e-01   9.4003426e-01
  -6.0100000e+02   7.7536003e-01   8.9313849e-01
  -6.0000000e+02   9.0481581e-01   8.9785850e-01
  -5.9900000e+02   1.0018897e+00   8.9246772e-01
  -5.9800000e+02   8.5332791e-01   8.3381726e-01
  -5.9700000e+02   7.7139903e-01   8.4856002e-01
  -5.9600000e+02   6.8494605e-01   8.9193411e-01
  -5.9500000e+02   6.6625979e-01   9.2713740e-01
  -5.9400000e+02   6.9474481e-01   1.0084267e+00
  -5.9300000e+02   7.6686114e-01   1.0961699e+00
  -5.9200000e+02   8.3512011e-01   9.6669408e-01
  -5.9100000e+02   7.9753947e-01   9.0198166e-01
  -5.9000000e+02   7.8965482e-01   8.2692934e-01
  -5.8900000e+02   8.3231996e-01   8.1803208e-01
  -5.8800000e+02   8.6308658e-01   8.1335129e-01
  -5.8700000e+02   8.9886325e-01   8.8944332e-01
  -5.8600000e+02   9.2925027e-01   1.0874120e+00
  -5.8500000e+02   9.2675804e-01   1.0370625e+00
  -5.8400000e+02   9.1386678e-01   9.9410104e-01
  -5.8300000e+02   9.4842597e-01   9.8241297e-01
  -5.8200000e+02   1.1013030e+00   9.9272669e-01
  -5.8100000e+02   1.2017884e+00   1.0809273e+00
  -5.8000000e+02   1.0894883e+00   1.1379066e+00
  -5.7900000e+02   9.9142163e-01   1.1358602e+00
  -5.7800000e+02   8.8518839e-01   1.0470581e+00
  -5.7700000e+02   8.3777074e-01   1.0155016e+00
  -5.7600000e+02   8.0448583e-01   1.0121530e+00
  -5.7500000e+02   8.0373614e-01   1.0371924e+00
  -5.7400000e+02   8.7143674e-01   1.1051980e+00
  -5.7300000e+02   8.8160598e-01   1.0522585e+00
  -5.7200000e+02   9.1188610e-01   1.0496781e+00
  -5.7100000e+02   9.2604449e-01   1.1219238e+00
  -5.7000000e+02   8.8148281e-01   1.2304711e+00
  -5.6900000e+02   8.4671145e-01   1.3281403e+00
  -5.6800000e+02   8.7005532e-01   1.3968930e+00
  -5.6700000e+02   8.8705416e-01   1.4911789e+00
  -5.6600000e+02   8.4252733e-01   1.2174360e+00
  -5.6500000e+02   8.2189995e-01   1.1424788e+00
  -5.6400000e+02   8.2912164e-01   1.1290376e+00
  -5.6300000e+02   9.0604643e-01   1.1720654e+00
  -5.6200000e+02   9.7376689e-01   1.2293526e+00
  -5.6100000e+02   8.4838019e-01   1.1388558e+00
  -5.6000000e+02   8.1367407e-01   1.0727565e+00
  -5.5900000e+02   8.0549519e-01   1.0625208e+00
  -5.5800000e+02   8.4186891e-01   1.0975087e+00
  -5.5700000e+02   8.9199017e-01   1.1841349e+00
  -5.5600000e+02   1.0011910e+00   1.1688745e+00
  -5.5500000e+02   9.6022436e-01   1.1630512e+00
  -5.5400000e+02   9.8672530e-01   1.1249319e+00
  -5.5300000e+02   1.0054476e+00   1.0942529e+00
  -5.5200000e+02   9.6221972e-01   1.1235252e+00
  -5.5100000e+02   8.4674524e-01   1.1508698e+00
  -5.5000000e+02   8.0730711e-01   1.0400710e+00
  -5.4900000e+02   6.7741750e-01   9.4472169e-01
  -5.4800000e+02   6.2879444e-01   9.4531921e-01
  -5.4700000e+02   6.1563772e-01   1.0297551e+00
  -5.4600000e+02   5.7401446e-01   1.2026760e+00
  -5.4500000e+02   5.5961562e-01   1.3596120e+00
  -5.4400000e+02   6.3355036e-01   1.3893091e+00
  -5.4300000e+02   6.7823556e-01   1.4642726e+00
  -5.4200000e+02   6.6069194e-01   1.4450898e+00
  -5.4100000e+02   6.3605184e-01   1.4035511e+00
  -5.4000000e+02   6.3998546e-01   1.5073567e+00
  -5.3900000e+02   6.8745025e-01   1.3173376e+00
  -5.3800000e+02   7.1246479e-01   1.3018857e+00
  -5.3700000e+02   7.4429135e-01   1.4403402e+00
  -5.3600000e+02   8.1840580e-01   1.5637293e+00
  -5.3500000e+02   8.1768826e-01   1.6865517e+00
  -5.3400000e+02   7.8437209e-01   1.7668899e+00
  -5.3300000e+02   7.9262060e-01   1.6272459e+00
  -5.3200000e+02   8.7550883e-01   1.5262375e+00
  -5.3100000e+02   9.0119885e-01   1.5110289e+00
  -5.3000000e+02   9.6080712e-01   1.4106041e+00
  -5.2900000e+02   8.9010662e-01   1.3719405e+00
  -5.2800000e+02   8.6746480e-01   1.4507493e+00
  -5.2700000e+02   7.6965016e-01   1.5018827e+00
  -5.2600000e+02   7.0199653e-01   1.6798254e+00
  -5.2500000e+02   6.7898141e-01   1.4523662e+00
  -5.2400000e+02   7.1123493e-01   1.3039248e+00
  -5.2300000e+02   7.4456221e-01   1.2608691e+00
  -5.2200000e+02   7.8251304e-01   1.2109892e+00
  -5.2100000e+02   8.2665660e-01   1.2256658e+00
  -5.2000000e+02   7.7886756e-01   1.2812705e+00
  -5.1900000e+02   7.7692783e-01   1.4340871e+00
  -5.1800000e+02   7.4244253e-01   1.4906427e+00
  -5.1700000e+02   7.4661622e-01   1.3631214e+00
  -5.1600000e+02   7.1005423e-01   1.3453209e+00
  -5.1500000e+02   7.6576899e-01   1.3990905e+00
  -5.1400000e+02   8.2717547e-01   1.3838728e+00
  -5.1300000e+02   9.0073020e-01   1.4761774e+00
  -5.1200000e+02   1.0115955e+00   1.5455892e+00
  -5.1100000e+02   1.0047236e+00   1.3847406e+00
  -5.1000000e+02   9.4208738e-01   1.3084961e+00
  -5.0900000e+02   9.1236436e-01   1.2245877e+00
  -5.0800000e+02   8.8555423e-01   1.2460727e+00
  -5.0700000e+02   8.4839204e-01   1.2183171e+00
  -5.0600000e+02   8.7287677e-01   1.2080917e+00
  -5.0500000e+02   9.4472534e-01   1.2314801e+00
  -5.0400000e+02   9.3649324e-01   1.2035972e+00
  -5.0300000e+02   8.7307969e-01   1.1946428e+00
  -5.0200000e+02   7.6349087e-01   1.1926694e+00
  -5.0100000e+02   7.3912015e-01   1.0858007e+00
  -5.0000000e+02   7.3639908e-01   1.0099429e+00
  -4.9900000e+02   7.3967172e-01   9.7093410e-01
  -4.9800000e+02   7.9303528e-01   1.0108645e+00
  -4.9700000e+02   7.6507701e-01   1.0012877e+00
  -4.9600000e+02   8.2864212e-01   1.0434272e+00
  -4.9500000e+02   8.0995878e-01   1.1008027e+00
  -4.9400000e+02   8.1923438e-01   1.1863895e+00
  -4.9300000e+02   7.9740218e-01   1.0896722e+00
  -4.9200000e+02   8.9725019e-01   1.0501348e+00
  -4.9100000e+02   8.1106897e-01   9.7696912e-01
  -4.9000000e+02   9.1073981e-01   9.2679951e-01
  -4.8900000e+02   6.4183896e-01   9.1283469e-01
  -4.8800000e+02   6.3641393e-01   9.3229706e-01
  -4.8700000e+02   6.6118602e-01   9.1157717e-01
  -4.8600000e+02   7.7128256e-01   8.8067972e-01
  -4.8500000e+02   8.4124989e-01   8.7321633e-01
  -4.8400000e+02   9.1221463e-01   9.0145744e-01
  -4.8300000e+02   9.2782968e-01   9.7336760e-01
  -4.8200000e+02   9.9458004e-01   1.1084924e+00
  -4.8100000e+02   1.0609468e+00   8.3597591e-01
  -4.8000000e+02   1.0119268e+00   8.2793740e-01
  -4.7900000e+02   9.1774577e-01   7.2606325e-01
  -4.7800000e+02   8.4886460e-01   7.6041466e-01
  -4.7700000e+02   8.4501027e-01   8.9318091e-01
  -4.7600000e+02   7.2875513e-01   8.7745343e-01
  -4.7500000e+02   7.2665529e-01   7.8491136e-01
  -4.7400000e+02   7.4261594e-01   8.3073113e-01
  -4.7300000e+02   7.7322018e-01   8.8430403e-01
  -4.7200000e+02   7.6948944e-01   9.2908315e-01
  -4.7100000e+02   7.4408720e-01   9.5854850e-01
  -4.7000000e+02   6.8319665e-01   1.0116275e+00
  -4.6900000e+02   6.6583464e-01   1.0863421e+00
  -4.6800000e+02   6.1042548e-01   1.1330775e+00
  -4.6700000e+02   6.0019099e-01   1.1591081e+00
  -4.6600000e+02   5.6907245e-01   1.1063225e+00
  -4.6500000e+02   5.5149823e-01   1.0780443e+00
  -4.6400000e+02   4.9393205e-01   1.0087241e+00
  -4.6300000e+02   4.1355174e-01   8.6662245e-01
  -4.6200000e+02   4.4008717e-01   7.7005803e-01
  -4.6100000e+02   4.6105430e-01   6.8920666e-01
  -4.6000000e+02   4.6440988e-01   6.6047661e-01
  -4.5900000e+02   5.0623963e-01   6.3720854e-01
  -4.5800000e+02   6.1490753e-01   6.5742854e-01
  -4.5700000e+02   7.4749708e-01   7.2961167e-01
  -4.5600000e+02   6.7858779e-01   8.8841090e-01
  -4.5500000e+02   7.1261906e-01   9.3711612e-01
  -4.5400000e+02   7.6287473e-01   9.1426180e-01
  -4.5300000e+02   7.6899848e-01   9.5801532e-01
  -4.5200000e+02   7.4943724e-01   1.0595306e+00
  -4.5100000e+02   6.7989299e-01   1.0276377e+00
  -4.5000000e+02   6.1285806e-01   1.0290450e+00
  -4.4900000e+02   5.8076248e-01   9.3104535e-01
  -4.4800000e+02   4.0777982e-01   8.9181548e-01
  -4.4700000e+02   4.7186026e-01   9.0630631e-01
  -4.4600000e+02   5.6954572e-01   9.9803227e-01
  -4.4500000e+02   7.1113115e-01   1.1268727e+00
  -4.4400000e+02   8.0293613e-01   1.1543903e+00
  -4.4300000e+02   8.9011582e-01   1.0965416e+00
  -4.4200000e+02   8.3941600e-01   1.0714047e+00
  -4.4100000e+02   7.9830783e-01   1.1329276e+00
  -4.4000000e+02   7.3955783e-01   1.2748666e+00
  -4.3900000e+02   7.2790811e-01   1.3274274e+00
  -4.3800000e+02   6.6458818e-01   1.1382690e+00
  -4.3700000e+02   6.7986937e-01   1.0945005e+00
  -4.3600000e+02   7.4376379e-01   1.1089189e+00
  -4.3500000e+02   8.1456348e-01   1.1897207e+00
  -4.3400000e+02   8.7415912e-01   1.1463334e+00
  -4.3300000e+02   9.5968579e-01   1.0864743e+00
  -4.3200000e+02   1.0156145e+00   9.9549030e-01
  -4.3100000e+02   1.1158342e+00   9.2830435e-01
  -4.3000000e+02   1.1412802e+00   9.7074342e-01
  -4.2900000e+02   1.2088585e+00   1.0655111e+00
  -4.2800000e+02   1.2456176e+00   1.1166502e+00
  -4.2700000e+02   1.1518657e+00   9.7040998e-01
  -4.2600000e+02   1.1259897e+00   1.0270679e+00
  -4.2500000e+02   9.8495145e-01   1.3027850e+00
  -4.2400000e+02   9.0514946e-01   1.1362063e+00
  -4.2300000e+02   9.0729077e-01   1.0640458e+00
  -4.2200000e+02   7.9273573e-01   1.0049821e+00
  -4.2100000e+02   8.3254644e-01   9.4632021e-01
  -4.2000000e+02   9.1571517e-01   9.8015340e-01
  -4.1900000e+02   1.0036645e+00   9.9903875e-01
  -4.1800000e+02   1.0056397e+00   1.0909586e+00
  -4.1700000e+02   9.3873832e-01   1.1965804e+00
  -4.1600000e+02   8.6036399e-01   1.1865223e+00
  -4.1500000e+02   8.1648792e-01   1.1963316e+00
  -4.1400000e+02   7.8032305e-01   1.1217315e+00
  -4.1300000e+02   8.2744955e-01   1.1292136e+00
  -4.1200000e+02   1.0084142e+00   1.2925653e+00
  -4.1100000e+02   1.0963011e+00   1.2156319e+00
  -4.1000000e+02   1.0193881e+00   1.2073579e+00
  -4.0900000e+02   9.6067800e-01   1.1085637e+00
  -4.0800000e+02   9.7288381e-01   1.1213431e+00
  -4.0700000e+02   1.0342749e+00   1.2668159e+00
  -4.0600000e+02   1.0256547e+00   1.3566549e+00
  -4.0500000e+02   1.0351796e+00   1.2836995e+00
  -4.0400000e+02   1.0291523e+00   1.3749121e+00
  -4.0300000e+02   1.0299068e+00   1.2953233e+00
  -4.0200000e+02   1.0116302e+00   1.2718591e+00
  -4.0100000e+02   9.6242650e-01   1.2631057e+00
  -4.0000000e+02   8.5893713e-01   1.2051874e+00
  -3.9900000e+02   7.2066150e-01   1.2351882e+00
  -3.9800000e+02   6.3765936e-01   1.1693716e+00
  -3.9700000e+02   6.8553585e-01   1.1287189e+00
  -3.9600000e+02   6.4239071e-01   1.0847718e+00
  -3.9500000e+02   6.4562183e-01   1.1012424e+00
  -3.9400000e+02   6.1955065e-01   1.0825478e+00
  -3.9300000e+02   5.5918392e-01   1.0853144e+00
  -3.9200000e+02   5.0449316e-01   1.1002253e+00
  -3.9100000e+02   6.0333763e-01   1.2001850e+00
  -3.9000000e+02   6.7700820e-01   1.0247578e+00
  -3.8900000e+02   5.4227781e-01   9.5461425e-01
  -3.8800000e+02   5.1109380e-01   9.4308006e-01
  -3.8700000e+02   5.3187345e-01   9.5613152e-01
  -3.8600000e+02   5.2812856e-01   8.8300703e-01
  -3.8500000e+02   4.4197775e-01   7.6546787e-01
  -3.8400000e+02   4.8451872e-01   6.8558389e-01
  -3.8300000e+02   5.2987006e-01   6.9175296e-01
  -3.8200000e+02   5.9720984e-01   7.9633381e-01
  -3.8100000e+02   5.5562673e-01   8.9241805e-01
  -3.8000000e+02   5.3288267e-01   8.5815205e-01
  -3.7900000e+02   5.6820528e-01   7.4384507e-01
  -3.7800000e+02   6.2356636e-01   6.4849956e-01
  -3.7700000e+02   6.5893208e-01   6.1100229e-01
  -3.7600000e+02   6.0932612e-01   6.4982366e-01
  -3.7500000e+02   6.2172126e-01   7.7276775e-01
  -3.7400000e+02   5.7137766e-01   8.2060131e-01
  -3.7300000e+02   5.6749675e-01   8.6661247e-01
  -3.7200000e+02   5.8805533e-01   8.6351540e-01
  -3.7100000e+02   6.5569232e-01   8.9991374e-01
  -3.7000000e+02   6.3081108e-01   8.9502198e-01
  -3.6900000e+02   6.5520405e-01   8.7497088e-01
  -3.6800000e+02   6.6753907e-01   8.8817748e-01
  -3.6700000e+02   7.1371836e-01   9.0699930e-01
  -3.6600000e+02   7.2334846e-01   8.2757506e-01
  -3.6500000e+02   6.6232661e-01   8.1615153e-01
  -3.6400000e+02   6.7337452e-01   8.1630007e-01
  -3.6300000e+02   6.2041098e-01   7.9756652e-01
  -3.6200000e+02   5.6528787e-01   6.7121820e-01
  -3.6100000e+02   6.0162784e-01   6.2138228e-01
  -3.6000000e+02   6.0356737e-01   6.8106377e-01
  -3.5900000e+02   5.8599715e-01   7.5065157e-01
  -3.5800000e+02   5.3968738e-01   7.1702004e-01
  -3.5700000e+02   5.0634019e-01   6.6527923e-01
  -3.5600000e+02   4.7123768e-01   6.7267825e-01
  -3.5500000e+02   4.3110202e-01   7.3454444e-01
  -3.5400000e+02   3.4686424e-01   8.1951631e-01
  -3.5300000e+02   2.8023161e-01   8.6067097e-01
  -3.5200000e+02   2.0179097e-01   9.0695323e-01
  -3.5100000e+02   3.0957573e-01   9.2299144e-01
  -3.5000000e+02   3.6690946e-01   9.5691271e-01
  -3.4900000e+02   4.1575683e-01   1.0570495e+00
  -3.4800000e+02   3.3368374e-01   1.0612883e+00
  -3.4700000e+02   3.1336834e-01   8.7934887e-01
  -3.4600000e+02   3.2442670e-01   8.8147653e-01
  -3.4500000e+02   4.0734128e-01   1.0035355e+00
  -3.4400000e+02   4.3916410e-01   7.5179165e-01
  -3.4300000e+02   4.6787501e-01   7.6129547e-01
  -3.4200000e+02   5.0247262e-01   9.9467289e-01
  -3.4100000e+02   5.4673031e-01   8.6700675e-01
  -3.4000000e+02   5.4977330e-01   9.7719682e-01
  -3.3900000e+02   5.4973198e-01   1.0155058e+00
  -3.3800000e+02   4.7967680e-01   9.3660984e-01
  -3.3700000e+02   5.3544615e-01   8.7740295e-01
  -3.3600000e+02   5.8799349e-01   9.1644094e-01
  -3.3500000e+02   6.2740338e-01   1.0819845e+00
  -3.3400000e+02   6.8896334e-01   1.1762916e+00
  -3.3300000e+02   7.6473658e-01   1.1260252e+00
  -3.3200000e+02   8.2530654e-01   1.1209818e+00
  -3.3100000e+02   8.0396868e-01   1.0178140e+00
  -3.3000000e+02   9.1123790e-01   1.0355595e+00
  -3.2900000e+02   9.1761907e-01   1.1557065e+00
  -3.2800000e+02   8.8117539e-01   1.1651206e+00
  -3.2700000e+02   8.4502858e-01   1.1658878e+00
  -3.2600000e+02   8.1915177e-01   1.1583145e+00
  -3.2500000e+02   7.3938520e-01   1.1876351e+00
  -3.2400000e+02   6.9930124e-01   1.2132317e+00
  -3.2300000e+02   7.2612728e-01   1.1616900e+00
  -3.2200000e+02   7.8887246e-01   1.1428267e+00
  -3.2100000e+02   8.3505039e-01   1.2280578e+00
  -3.2000000e+02   8.2201776e-01   1.2134891e+00
  -3.1900000e+02   7.5435189e-01   1.2413545e+00
  -3.1800000e+02   6.7333163e-01   1.5280338e+00
  -3.1700000e+02   6.4756049e-01   1.2023551e+00
  -3.1600000e+02   6.5937185e-01   1.2844238e+00
  -3.1500000e+02   5.8119999e-01   1.3884203e+00
  -3.1400000e+02   4.6716249e-01   1.4559511e+00
  -3.1300000e+02   4.6914640e-01   1.2789782e+00
  -3.1200000e+02   4.5882863e-01   1.1963247e+00
  -3.1100000e+02   4.2813118e-01   1.1442292e+00
  -3.1000000e+02   4.4237376e-01   1.1762066e+00
  -3.0900000e+02   4.4502596e-01   1.3243071e+00
  -3.0800000e+02   3.4938786e-01   1.3741338e+00
  -3.0700000e+02   3.2836224e-01   1.2800271e+00
  -3.0600000e+02   2.0300490e-01   1.1277987e+00
  -3.0500000e+02   2.1054952e-01   1.0550101e+00
  -3.0400000e+02   3.0789285e-01   1.0903715e+00
  -3.0300000e+02   5.2174054e-01   1.1067395e+00
  -3.0200000e+02   6.3161395e-01   1.1570919e+00
  -3.0100000e+02   6.4399708e-01   1.1608446e+00
  -3.0000000e+02   6.7413937e-01   1.2225714e+00
  -2.9900000e+02   6.7202103e-01   1.3887978e+00
  -2.9800000e+02   6.6404607e-01   1.3481175e+00
  -2.9700000e+02   5.5759830e-01   1.4429187e+00
  -2.9600000e+02   4.7113391e-01   1.3217022e+00
  -2.9500000e+02   4.4602882e-01   1.3029611e+00
  -2.9400000e+02   4.4351954e-01   1.3272833e+00
  -2.9300000e+02   4.4198806e-01   1.4257717e+00
  -2.9200000e+02   4.1958267e-01   1.6277994e+00
  -2.9100000e+02   4.0838811e-01   1.7896665e+00
  -2.9000000e+02   4.0236058e-01   1.5846777e+00
  -2.8900000e+02   3.2196749e-01   1.3919592e+00
  -2.8800000e+02   2.7301303e-01   1.2879797e+00
  -2.8700000e+02   2.5595273e-01   1.1635989e+00
  -2.8600000e+02   2.8930902e-01   1.2002568e+00
  -2.8500000e+02   3.0908406e-01   1.1465426e+00
  -2.8400000e+02   2.6005364e-01   9.2553087e-01
  -2.8300000e+02   2.3965889e-01   8.3555545e-01
  -2.8200000e+02   2.9248282e-01   8.7020533e-01
  -2.8100000e+02   3.5557736e-01   1.0865954e+00
  -2.8000000e+02   4.7375789e-01   1.0925626e+00
  -2.7900000e+02   4.1775171e-01   1.0875252e+00
  -2.7800000e+02   3.9010818e-01   1.0299891e+00
  -2.7700000e+02   2.9414890e-01   1.0214800e+00
  -2.7600000e+02   2.7694108e-01   9.6074980e-01
  -2.7500000e+02   2.3275899e-01   9.2239490e-01
  -2.7400000e+02   3.6582617e-01   9.4191983e-01
  -2.7300000e+02   4.7056944e-01   9.8886799e-01
  -2.7200000e+02   4.9643448e-01   1.0215364e+00
  -2.7100000e+02   5.2183831e-01   1.0524978e+00
  -2.7000000e+02   5.7932467e-01   1.1732828e+00
  -2.6900000e+02   6.2054885e-01   1.1393296e+00
  -2.6800000e+02   5.8881820e-01   1.1045188e+00
  -2.6700000e+02   6.1235113e-01   1.0481693e+00
  -2.6600000e+02   6.8071531e-01   9.6179255e-01
  -2.6500000e+02   7.0231882e-01   8.8475979e-01
  -2.6400000e+02   6.2011828e-01   9.0480182e-01
  -2.6300000e+02   5.2510361e-01   1.0428304e+00
  -2.6200000e+02   3.6459573e-01   1.0080746e+00
  -2.6100000e+02   9.0362827e-02   1.0736007e+00
  -2.6000000e+02  -5.4049271e-02   1.1701694e+00
  -2.5900000e+02  -6.6862078e-02   1.1879548e+00
  -2.5800000e+02   5.3121520e-02   1.2661902e+00
  -2.5700000e+02   1.7333327e-01   1.1738562e+00
  -2.5600000e+02   2.0032809e-01   1.0468550e+00
  -2.5500000e+02   2.3039438e-01   1.0526007e+00
  -2.5400000e+02   2.9882559e-01   1.0953178e+00
  -2.5300000e+02   3.4902563e-01   1.1381163e+00
  -2.5200000e+02   4.7499199e-01   1.1077165e+00
  -2.5100000e+02   4.9893890e-01   1.0938969e+00
  -2.5000000e+02   6.1326018e-01   1.0831067e+00
  -2.4900000e+02   6.3971207e-01   1.0407837e+00
  -2.4800000e+02   6.4748983e-01   9.8329851e-01
  -2.4700000e+02   6.3113151e-01   9.2687692e-01
  -2.4600000e+02   6.1515418e-01   9.6712509e-01
  -2.4500000e+02   6.2531925e-01   1.0143356e+00
  -2.4400000e+02   5.4473281e-01   1.0405073e+00
  -2.4300000e+02   4.9682585e-01   1.0328132e+00
  -2.4200000e+02   4.6171983e-01   9.3052702e-01
  -2.4100000e+02   4.3866781e-01   8.9459839e-01
  -2.4000000e+02   4.6199965e-01   9.5268180e-01
  -2.3900000e+02   5.1283581e-01   1.0128189e+00
  -2.3800000e+02   5.3811186e-01   1.1530762e+00
  -2.3700000e+02   6.1457252e-01   1.0614019e+00
  -2.3600000e+02   6.9509337e-01   9.6708525e-01
  -2.3500000e+02   6.6857620e-01   1.0017129e+00
  -2.3400000e+02   7.1087254e-01   1.0830317e+00
  -2.3300000e+02   6.7256393e-01   1.0438382e+00
  -2.3200000e+02   6.1373130e-01   9.4235116e-01
  -2.3100000e+02   5.7696301e-01   8.5456439e-01
  -2.3000000e+02   5.0139175e-01   7.8237755e-01
  -2.2900000e+02   6.9159162e-01   9.2163202e-01
  -2.2800000e+02   7.3186537e-01   1.0340104e+00
  -2.2700000e+02   6.4197873e-01   8.7764565e-01
  -2.2600000e+02   6.4895765e-01   8.0675028e-01
  -2.2500000e+02   5.7011304e-01   8.0052036e-01
  -2.2400000e+02   5.1639019e-01   8.7824292e-01
  -2.2300000e+02   5.3915660e-01   8.5131791e-01
  -2.2200000e+02   5.8026373e-01   9.4648012e-01
  -2.2100000e+02   5.4344903e-01   8.5851327e-01
  -2.2000000e+02   5.4209221e-01   8.6559669e-01
  -2.1900000e+02   5.1839697e-01   9.7246682e-01
  -2.1800000e+02   5.0565042e-01   9.5215221e-01
  -2.1700000e+02   5.1313875e-01   1.0105570e+00
  -2.1600000e+02   4.0653726e-01   1.1600647e+00
  -2.1500000e+02   3.9938811e-01   1.1585586e+00
  -2.1400000e+02   4.4592463e-01   1.1693262e+00
  -2.1300000e+02   5.1594754e-01   1.1263365e+00
  -2.1200000e+02   6.0797855e-01   1.0677005e+00
  -2.1100000e+02   7.2853933e-01   1.0952974e+00
  -2.1000000e+02   7.3797300e-01   1.2202665e+00
  -2.0900000e+02   6.6081327e-01   1.2097981e+00
  -2.0800000e+02   6.3254742e-01   1.2121591e+00
  -2.0700000e+02   6.3385484e-01   1.3088899e+00
  -2.0600000e+02   7.3450560e-01   1.2936239e+00
  -2.0500000e+02   8.7917458e-01   1.0759927e+00
  -2.0400000e+02   1.0544391e+00   1.0399724e+00
  -2.0300000e+02   8.9107016e-01   1.0105227e+00
  -2.0200000e+02   8.6851257e-01   1.0584391e+00
  -2.0100000e+02   8.7253204e-01   1.0620654e+00
  -2.0000000e+02   7.7635880e-01   1.0651604e+00
  -1.9900000e+02   7.6930789e-01   1.0863048e+00
  -1.9800000e+02   7.7262877e-01   1.2136537e+00
  -1.9700000e+02   7.9213839e-01   1.3249467e+00
  -1.9600000e+02   8.5521025e-01   1.3921426e+00
  -1.9500000e+02   9.2305025e-01   1.3428160e+00
  -1.9400000e+02   7.7610154e-01   1.2462145e+00
  -1.9300000e+02   6.6403220e-01   1.2442373e+00
  -1.9200000e+02   5.9817505e-01   1.2176143e+00
  -1.9100000e+02   5.9302081e-01   1.0681365e+00
  -1.9000000e+02   5.5773314e-01   1.1679357e+00
  -1.8900000e+02   6.0426467e-01   1.1788968e+00
  -1.8800000e+02   6.0390110e-01   1.1223495e+00
  -1.8700000e+02   7.3855566e-01   1.0698126e+00
  -1.8600000e+02   7.4708949e-01   1.0763581e+00
  -1.8500000e+02   7.7423939e-01   1.1231947e+00
  -1.8400000e+02   6.7736198e-01   1.1998481e+00
  -1.8300000e+02   6.0514728e-01   1.0826963e+00
  -1.8200000e+02   5.6656143e-01   9.8955260e-01
  -1.8100000e+02   5.6285475e-01   9.1977808e-01
  -1.8000000e+02   5.4707927e-01   9.5849398e-01
  -1.7900000e+02   4.9839885e-01   1.1146467e+00
  -1.7800000e+02   5.5416629e-01   1.3003088e+00
  -1.7700000e+02   5.7053853e-01   1.0201929e+00
  -1.7600000e+02   5.7803799e-01   8.4838307e-01
  -1.7500000e+02   5.9560646e-01   7.9674044e-01
  -1.7400000e+02   6.4870869e-01   9.1633856e-01
  -1.7300000e+02   7.1921184e-01   9.2953435e-01
  -1.7200000e+02   8.1833707e-01   9.9219191e-01
  -1.7100000e+02   8.7473371e-01   1.0091847e+00
  -1.7000000e+02   7.4712907e-01   9.3005326e-01
  -1.6900000e+02   7.1135501e-01   8.2899512e-01
  -1.6800000e+02   5.8415661e-01   8.2192555e-01
  -1.6700000e+02   5.3512934e-01   9.4373391e-01
  -1.6600000e+02   5.1497281e-01   1.1129882e+00
  -1.6500000e+02   4.3332673e-01   1.2045487e+00
  -1.6400000e+02   3.4665699e-01   1.4304420e+00
  -1.6300000e+02   4.2748253e-01   1.2504892e+00
  -1.6200000e+02   4.4582752e-01   1.1815606e+00
  -1.6100000e+02   5.4689534e-01   1.1887681e+00
  -1.6000000e+02   5.2297366e-01   1.2143032e+00
  -1.5900000e+02   4.9221141e-01   1.1204531e+00
  -1.5800000e+02   4.4748631e-01   1.1083014e+00
  -1.5700000e+02   4.0768536e-01   1.0183944e+00
  -1.5600000e+02   2.7287665e-01   8.8394982e-01
  -1.5500000e+02   2.0126740e-01   8.4054845e-01
  -1.5400000e+02   2.5233598e-01   8.3684962e-01
  -1.5300000e+02   2.9059561e-01   8.8400495e-01
  -1.5200000e+02   3.1415706e-01   9.3939829e-01
  -1.5100000e+02   3.4523359e-01   9.5822329e-01
  -1.5000000e+02   3.8895574e-01   9.6349669e-01
  -1.4900000e+02   4.3821498e-01   9.5729806e-01
  -1.4800000e+02   4.6818067e-01   9.2480643e-01
  -1.4700000e+02   3.7099098e-01   8.7557904e-01
  -1.4600000e+02   3.0361470e-01   8.7832958e-01
  -1.4500000e+02   2.6750650e-01   8.7822453e-01
  -1.4400000e+02   2.2308384e-01   8.4362677e-01
  -1.4300000e+02   2.4161641e-01   8.8815282e-01
  -1.4200000e+02   2.6588807e-01   9.9528869e-01
  -1.4100000e+02   2.6680527e-01   1.0523221e+00
  -1.4000000e+02   3.2846391e-01   1.0444902e+00
  -1.3900000e+02   3.8374598e-01   1.0846835e+00
  -1.3800000e+02   4.5847966e-01   1.2360936e+00
  -1.3700000e+02   4.8012596e-01   1.1420331e+00
  -1.3600000e+02   4.1747039e-01   1.1056238e+00
  -1.3500000e+02   4.5163112e-01   1.1899470e+00
  -1.3400000e+02   5.0621119e-01   1.3793130e+00
  -1.3300000e+02   5.5099587e-01   1.2803071e+00
  -1.3200000e+02   6.5648921e-01   1.2881713e+00
  -1.3100000e+02   6.4575956e-01   1.3491878e+00
  -1.3000000e+02   6.0146977e-01   1.3256772e+00
  -1.2900000e+02   5.7063614e-01   1.3761170e+00
  -1.2800000e+02   5.6129392e-01   1.2880058e+00
  -1.2700000e+02   5.1036134e-01   1.2374934e+00
  -1.2600000e+02   4.9858595e-01   1.1990699e+00
  -1.2500000e+02   5.2749429e-01   1.0845895e+00
  -1.2400000e+02   5.7558162e-01   1.0189656e+00
  -1.2300000e+02   5.9263111e-01   9.9269435e-01
  -1.2200000e+02   7.7241069e-01   9.6415471e-01
  -1.2100000e+02   8.8944894e-01   9.8332785e-01
  -1.2000000e+02   1.0075518e+00   1.0974315e+00
  -1.1900000e+02   9.7970743e-01   1.1862635e+00
  -1.1800000e+02   8.6164847e-01   1.1200617e+00
  -1.1700000e+02   8.1038793e-01   1.2292005e+00
  -1.1600000e+02   7.6671326e-01   1.0788571e+00
  -1.1500000e+02   7.9864390e-01   1.0807883e+00
  -1.1400000e+02   8.3114277e-01   1.1751296e+00
  -1.1300000e+02   8.5727293e-01   1.0316299e+00
  -1.1200000e+02   8.8678369e-01   9.5988271e-01
  -1.1100000e+02   8.9072458e-01   9.1186281e-01
  -1.1000000e+02   9.6170390e-01   8.8001369e-01
  -1.0900000e+02   9.4118778e-01   9.1383663e-01
  -1.0800000e+02   9.5085366e-01   9.8378116e-01
  -1.0700000e+02   8.8974628e-01   1.0044239e+00
  -1.0600000e+02   8.6072303e-01   1.0392488e+00
  -1.0500000e+02   8.9445171e-01   9.4038044e-01
  -1.0400000e+02   9.3507923e-01   9.5080510e-01
  -1.0300000e+02   9.8429893e-01   1.0333453e+00
  -1.0200000e+02   9.1533807e-01   9.7029849e-01
  -1.0100000e+02   8.9908119e-01   9.5897740e-01
  -1.0000000e+02   7.1874087e-01   9.1571730e-01
  -9.9000000e+01   7.1968668e-01   8.6111414e-01
  -9.8000000e+01   7.4043270e-01   8.2565514e-01
  -9.7000000e+01   7.6043718e-01   8.1339695e-01
  -9.6000000e+01   7.9791472e-01   8.5865395e-01
  -9.5000000e+01   7.8150173e-01   8.0347279e-01
  -9.4000000e+01   8.3942480e-01   7.8359435e-01
  -9.3000000e+01   8.2274263e-01   7.9296578e-01
  -9.2000000e+01   6.6945023e-01   7.6965167e-01
  -9.1000000e+01   5.3383534e-01   8.7000693e-01
  -9.0000000e+01   5.8996641e-01   9.9972602e-01
  -8.9000000e+01   6.7708629e-01   9.6762788e-01
  -8.8000000e+01   6.9178894e-01   9.3738745e-01
  -8.7000000e+01   7.0192020e-01   8.7910888e-01
  -8.6000000e+01   7.2925334e-01   8.6196487e-01
  -8.5000000e+01   7.9301339e-01   9.3817729e-01
  -8.4000000e+01   7.2090584e-01   1.1030987e+00
  -8.3000000e+01   7.0142933e-01   1.0764062e+00
  -8.2000000e+01   7.1142528e-01   1.0554410e+00
  -8.1000000e+01   7.2326654e-01   1.0377418e+00
  -8.0000000e+01   7.1334774e-01   1.0421881e+00
  -7.9000000e+01   6.5497968e-01   1.0922804e+00
  -7.8000000e+01   6.2242708e-01   1.2629501e+00
  -7.7000000e+01   5.2903782e-01   1.4049574e+00
  -7.6000000e+01   3.7391653e-01   1.4196869e+00
  -7.5000000e+01   3.2287200e-01   1.2986027e+00
  -7.4000000e+01   2.7715907e-01   1.3141670e+00
  -7.3000000e+01   2.2976436e-01   1.3489851e+00
  -7.2000000e+01   1.6327303e-01   1.4013943e+00
  -7.1000000e+01   1.1704449e-01   1.3117086e+00
  -7.0000000e+01   1.4825208e-01   1.2259348e+00
  -6.9000000e+01   2.1748573e-01   1.1803306e+00
  -6.8000000e+01   2.8069373e-01   1.0275189e+00
  -6.7000000e+01   3.9940086e-01   9.2086283e-01
  -6.6000000e+01   4.4405557e-01   9.1523034e-01
  -6.5000000e+01   4.5161629e-01   1.0036113e+00
  -6.4000000e+01   4.7674499e-01   1.1247720e+00
  -6.3000000e+01   4.8820375e-01   1.3397341e+00
  -6.2000000e+01   4.6286699e-01   1.1774318e+00
  -6.1000000e+01   5.4299792e-01   1.0290634e+00
  -6.0000000e+01   5.7361331e-01   9.5830600e-01
  -5.9000000e+01   5.4068702e-01   9.5039743e-01
  -5.8000000e+01   5.1175161e-01   9.9057677e-01
  -5.7000000e+01   4.8870235e-01   1.0477919e+00
  -5.6000000e+01   5.0179812e-01   9.6260810e-01
  -5.5000000e+01   4.7372031e-01   8.7274135e-01
  -5.4000000e+01   5.3473889e-01   8.8826951e-01
  -5.3000000e+01   6.1179494e-01   1.0033283e+00
  -5.2000000e+01   6.0941421e-01   1.1998439e+00
  -5.1000000e+01   6.0327163e-01   9.6357021e-01
  -5.0000000e+01   6.4493352e-01   9.0392500e-01
  -4.9000000e+01   5.5104583e-01   9.2418471e-01
  -4.8000000e+01   4.6371204e-01   9.5132121e-01
  -4.7000000e+01   4.6854980e-01   9.5904750e-01
  -4.6000000e+01   5.1840660e-01   9.6667846e-01
  -4.5000000e+01   5.3164807e-01   7.7507016e-01
  -4.4000000e+01   5.6275035e-01   7.4210039e-01
  -4.3000000e+01   5.6435816e-01   8.1663413e-01
  -4.2000000e+01   4.9308851e-01   9.4366389e-01
  -4.1000000e+01   3.8356098e-01   1.0301959e+00
  -4.0000000e+01   4.3818065e-01   1.2760657e+00
  -3.9000000e+01   5.4010845e-01   1.2724085e+00
  -3.8000000e+01   7.0820834e-01   1.3216268e+00
  -3.7000000e+01   7.6874887e-01   1.0211304e+00
  -3.6000000e+01   7.8238070e-01   9.8471713e-01
  -3.5000000e+01   8.6284129e-01   1.0130898e+00
  -3.4000000e+01   8.4204055e-01   1.0221771e+00
  -3.3000000e+01   8.2299679e-01   9.1775140e-01
  -3.2000000e+01   7.5902764e-01   9.3420231e-01
  -3.1000000e+01   8.0988258e-01   1.0518197e+00
  -3.0000000e+01   9.1901681e-01   1.3469237e+00
  -2.9000000e+01   1.1030434e+00   1.2341458e+00
  -2.8000000e+01   1.0798519e+00   1.1441636e+00
  -2.7000000e+01   1.1082850e+00   1.0302455e+00
  -2.6000000e+01   1.1407141e+00   1.0304930e+00
  -2.5000000e+01   1.2538152e+00   8.6795369e-01
  -2.4000000e+01   1.2704374e+00   8.0241472e-01
  -2.3000000e+01   1.2272670e+00   6.9096418e-01
  -2.2000000e+01   1.1867377e+00   6.7523500e-01
  -2.1000000e+01   1.1817636e+00   6.5485910e-01
  -2.0000000e+01   1.2750342e+00   6.4926863e-01
  -1.9000000e+01   1.4381426e+00   8.2900118e-01
  -1.8000000e+01   1.5605139e+00   7.9846139e-01
  -1.7000000e+01   1.5837165e+00   8.0293816e-01
  -1.6000000e+01   1.6304921e+00   8.9878653e-01
  -1.5000000e+01   1.5786134e+00   8.7086985e-01
  -1.4000000e+01   1.5212832e+00   7.9222891e-01
  -1.3000000e+01   1.4136311e+00   7.2917368e-01
  -1.2000000e+01   1.3355188e+00   7.8650417e-01
  -1.1000000e+01   1.3428045e+00   7.1461717e-01
  -1.0000000e+01   1.4344836e+00   6.6462373e-01
  -9.0000000e+00   1.5142261e+00   6.5551460e-01
  -8.0000000e+00   1.5483750e+00   5.7433931e-01
  -7.0000000e+00   1.5952424e+00   5.5850939e-01
  -6.0000000e+00   1.6422323e+00   6.6678105e-01
  -5.0000000e+00   1.7352583e+00   7.7469024e-01
  -4.0000000e+00   1.7602051e+00   8.0374831e-01
  -3.0000000e+00   1.7893426e+00   7.4488784e-01
  -2.0000000e+00   1.7326200e+00   8.4186675e-01
  -1.0000000e+00   1.6940957e+00   4.7596971e-01
   0.0000000e+00   1.6192249e+00   4.7579466e-01
   1.0000000e+00   1.6428054e+00   4.9315636e-01
   2.0000000e+00   1.7523091e+00   5.8400348e-01
   3.0000000e+00   1.8028396e+00   6.5115045e-01
   4.0000000e+00   1.9207817e+00   5.6127089e-01
   5.0000000e+00   2.1051274e+00   4.6804697e-01
   6.0000000e+00   2.4066490e+00   6.3951347e-01
   7.0000000e+00   2.7954126e+00   9.1348507e-01
   8.0000000e+00   2.8977190e+00   6.8986461e-01
   9.0000000e+00   2.8776155e+00   6.3286016e-01
   1.0000000e+01   2.9076484e+00   9.9745111e-01
   1.1000000e+01   2.7121426e+00   8.4980050e-01
   1.2000000e+01   2.5198850e+00   6.2001412e-01
   1.3000000e+01   2.4093198e+00   5.0846548e-01
   1.4000000e+01   2.4121173e+00   5.2618467e-01
   1.5000000e+01   2.4542080e+00   5.9532462e-01
   1.6000000e+01   2.5167477e+00   5.7312871e-01
   1.7000000e+01   2.4781109e+00   7.1278766e-01
   1.8000000e+01   2.4879741e+00   7.0828468e-01
   1.9000000e+01   2.4146448e+00   7.3652728e-01
   2.0000000e+01   2.3655075e+00   7.1081879e-01
   2.1000000e+01   2.3418543e+00   6.4394468e-01
   2.2000000e+01   2.3825239e+00   6.5267532e-01
   2.3000000e+01   2.3217816e+00   6.9246721e-01
   2.4000000e+01   2.3987094e+00   6.9541015e-01
   2.5000000e+01   2.4882010e+00   6.4439025e-01
   2.6000000e+01   2.4947543e+00   6.4723587e-01
   2.7000000e+01   2.4565674e+00   6.9848147e-01
   2.8000000e+01   2.4087263e+00   6.9788456e-01
   2.9000000e+01   2.3533749e+00   7.0209875e-01
   3.0000000e+01   2.2848368e+00   6.9889351e-01
   3.1000000e+01   2.2133741e+00   6.8219062e-01
   3.2000000e+01   2.1679752e+00   7.3263059e-01
   3.3000000e+01   2.1342591e+00   7.1180366e-01
   3.4000000e+01   2.1059623e+00   7.6014168e-01
   3.5000000e+01   2.0755809e+00   7.2016174e-01
   3.6000000e+01   2.1056464e+00   7.3093699e-01
   3.7000000e+01   2.1544164e+00   7.4848966e-01
   3.8000000e+01   2.1871622e+00   8.0225239e-01
   3.9000000e+01   2.2490483e+00   8.8468439e-01
   4.0000000e+01   2.2219276e+00   9.2730405e-01
   4.1000000e+01   2.1938058e+00   9.2419214e-01
   4.2000000e+01   2.1732593e+00   9.7010694e-01
   4.3000000e+01   2.1681974e+00   1.0018842e+00
   4.4000000e+01   2.1776950e+00   9.6317354e-01
   4.5000000e+01   2.1959437e+00   8.9554232e-01
   4.6000000e+01   2.2404801e+00   8.0918882e-01
   4.7000000e+01   2.2713536e+00   7.7832419e-01
   4.8000000e+01   2.3123424e+00   7.9449542e-01
   4.9000000e+01   2.3285703e+00   8.1209170e-01
   5.0000000e+01   2.3365438e+00   8.3624018e-01
   5.1000000e+01   2.3275619e+00   8.4627441e-01
   5.2000000e+01   2.2997052e+00   8.2716278e-01
   5.3000000e+01   2.3032978e+00   7.7842488e-01
   5.4000000e+01   2.2985283e+00   7.2513077e-01
   5.5000000e+01   2.2796384e+00   6.8076961e-01
   5.6000000e+01   2.2753598e+00   6.4584221e-01
   5.7000000e+01   2.2713294e+00   6.3477667e-01
   5.8000000e+01   2.2798377e+00   7.1953278e-01
   5.9000000e+01   2.2743352e+00   6.0529664e-01
   6.0000000e+01   2.3094925e+00   6.1218664e-01
   6.1000000e+01   2.3370406e+00   6.4276416e-01
   6.2000000e+01   2.3220923e+00   6.9237326e-01
   6.3000000e+01   2.2826715e+00   7.0235268e-01
   6.4000000e+01   2.2954795e+00   7.1382446e-01
   6.5000000e+01   2.2506870e+00   7.0934906e-01
   6.6000000e+01   2.2367632e+00   6.8780009e-01
   6.7000000e+01   2.2443724e+00   6.9594015e-01
   6.8000000e+01   2.2470780e+00   7.6293900e-01
   6.9000000e+01   2.3135695e+00   6.1540493e-01
   7.0000000e+01   2.3370837e+00   5.8463864e-01
   7.1000000e+01   2.4138491e+00   6.5930513e-01
   7.2000000e+01   2.4057079e+00   8.0834399e-01
   7.3000000e+01   2.2818318e+00   7.4435646e-01
   7.4000000e+01   2.1227510e+00   7.6097514e-01
   7.5000000e+01   2.0854013e+00   6.8609050e-01
   7.6000000e+01   2.0609943e+00   5.9703952e-01
   7.7000000e+01   2.0800855e+00   5.9906704e-01
   7.8000000e+01   2.1963028e+00   6.6306388e-01
   7.9000000e+01   2.3494695e+00   7.6397410e-01
   8.0000000e+01   2.4849523e+00   7.8133927e-01
   8.1000000e+01   2.6705540e+00   8.2018735e-01
   8.2000000e+01   2.7869239e+00   8.5731594e-01
   8.3000000e+01   2.7307259e+00   6.8057406e-01
   8.4000000e+01   2.5485059e+00   5.9631696e-01
   8.5000000e+01   2.4929005e+00   6.2419924e-01
   8.6000000e+01   2.4160859e+00   5.1988914e-01
   8.7000000e+01   2.4340793e+00   5.2618757e-01
   8.8000000e+01   2.4370808e+00   5.9967772e-01
   8.9000000e+01   2.5547469e+00   6.5505506e-01
   9.0000000e+01   2.6920479e+00   7.4344364e-01
   9.1000000e+01   2.8589786e+00   6.7482505e-01
   9.2000000e+01   3.0638004e+00   6.7348920e-01
   9.3000000e+01   3.0865854e+00   8.1264962e-01
   9.4000000e+01   2.7810938e+00   6.7632482e-01
   9.5000000e+01   2.4460309e+00   7.1545126e-01
   9.6000000e+01   2.1998533e+00   5.3877964e-01
   9.7000000e+01   2.0447188e+00   4.2758637e-01
   9.8000000e+01   1.9022848e+00   4.2564364e-01
   9.9000000e+01   1.7710991e+00   5.2744780e-01
   1.0000000e+02   1.7299984e+00   5.9241999e-01
   1.0100000e+02   1.7281890e+00   6.1281621e-01
   1.0200000e+02   1.7629862e+00   6.0810566e-01
   1.0300000e+02   1.8036523e+00   5.7406778e-01
   1.0400000e+02   1.8224722e+00   6.2974335e-01
   1.0500000e+02   1.8860659e+00   6.5761042e-01
   1.0600000e+02   1.7943026e+00   6.1304851e-01
   1.0700000e+02   1.7747327e+00   5.4033755e-01
   1.0800000e+02   1.8318478e+00   5.4410232e-01
   1.0900000e+02   1.8888123e+00   6.0696957e-01
   1.1000000e+02   1.8858175e+00   5.2020402e-01
   1.1100000e+02   1.9627275e+00   6.7153536e-01
   1.1200000e+02   1.8449813e+00   7.8902058e-01
   1.1300000e+02   1.7746314e+00   6.4892334e-01
   1.1400000e+02   1.7637623e+00   7.3290722e-01
   1.1500000e+02   1.7850562e+00   8.4433967e-01
   1.1600000e+02   1.7548532e+00   1.0940494e+00
   1.1700000e+02   1.4882779e+00   1.2577721e+00
   1.1800000e+02   1.4132384e+00   1.1034213e+00
   1.1900000e+02   1.3566948e+00   1.0085302e+00
   1.2000000e+02   1.3998321e+00   9.5858740e-01
