  -1.2000000e+03   0.0000000e+00   0.0000000e+00
  -1.1990000e+03   0.0000000e+00   0.0000000e+00
  -1.1980000e+03   0.0000000e+00   0.0000000e+00
  -1.1970000e+03   0.0000000e+00   0.0000000e+00
  -1.1960000e+03   0.0000000e+00   0.0000000e+00
  -1.1950000e+03   0.0000000e+00   0.0000000e+00
  -1.1940000e+03   0.0000000e+00   0.0000000e+00
  -1.1930000e+03   0.0000000e+00   0.0000000e+00
  -1.1920000e+03   0.0000000e+00   0.0000000e+00
  -1.1910000e+03   0.0000000e+00   0.0000000e+00
  -1.1900000e+03   0.0000000e+00   0.0000000e+00
  -1.1890000e+03   0.0000000e+00   0.0000000e+00
  -1.1880000e+03   0.0000000e+00   0.0000000e+00
  -1.1870000e+03   0.0000000e+00   0.0000000e+00
  -1.1860000e+03   0.0000000e+00   0.0000000e+00
  -1.1850000e+03   0.0000000e+00   0.0000000e+00
  -1.1840000e+03   0.0000000e+00   0.0000000e+00
  -1.1830000e+03   0.0000000e+00   0.0000000e+00
  -1.1820000e+03   0.0000000e+00   0.0000000e+00
  -1.1810000e+03   0.0000000e+00   0.0000000e+00
  -1.1800000e+03   0.0000000e+00   0.0000000e+00
  -1.1790000e+03   0.0000000e+00   0.0000000e+00
  -1.1780000e+03   0.0000000e+00   0.0000000e+00
  -1.1770000e+03   0.0000000e+00   0.0000000e+00
  -1.1760000e+03   0.0000000e+00   0.0000000e+00
  -1.1750000e+03   0.0000000e+00   0.0000000e+00
  -1.1740000e+03   0.0000000e+00   0.0000000e+00
  -1.1730000e+03   0.0000000e+00   0.0000000e+00
  -1.1720000e+03   0.0000000e+00   0.0000000e+00
  -1.1710000e+03   0.0000000e+00   0.0000000e+00
  -1.1700000e+03   0.0000000e+00   0.0000000e+00
  -1.1690000e+03   0.0000000e+00   0.0000000e+00
  -1.1680000e+03   0.0000000e+00   0.0000000e+00
  -1.1670000e+03   0.0000000e+00   0.0000000e+00
  -1.1660000e+03   0.0000000e+00   0.0000000e+00
  -1.1650000e+03   0.0000000e+00   0.0000000e+00
  -1.1640000e+03   0.0000000e+00   0.0000000e+00
  -1.1630000e+03   0.0000000e+00   0.0000000e+00
  -1.1620000e+03   0.0000000e+00   0.0000000e+00
  -1.1610000e+03   0.0000000e+00   0.0000000e+00
  -1.1600000e+03   0.0000000e+00   0.0000000e+00
  -1.1590000e+03   0.0000000e+00   0.0000000e+00
  -1.1580000e+03   0.0000000e+00   0.0000000e+00
  -1.1570000e+03   0.0000000e+00   0.0000000e+00
  -1.1560000e+03   0.0000000e+00   0.0000000e+00
  -1.1550000e+03   0.0000000e+00   0.0000000e+00
  -1.1540000e+03   0.0000000e+00   0.0000000e+00
  -1.1530000e+03   0.0000000e+00   0.0000000e+00
  -1.1520000e+03   0.0000000e+00   0.0000000e+00
  -1.1510000e+03   0.0000000e+00   0.0000000e+00
  -1.1500000e+03   0.0000000e+00   0.0000000e+00
  -1.1490000e+03   0.0000000e+00   0.0000000e+00
  -1.1480000e+03   0.0000000e+00   0.0000000e+00
  -1.1470000e+03   0.0000000e+00   0.0000000e+00
  -1.1460000e+03   0.0000000e+00   0.0000000e+00
  -1.1450000e+03   0.0000000e+00   0.0000000e+00
  -1.1440000e+03   0.0000000e+00   0.0000000e+00
  -1.1430000e+03   0.0000000e+00   0.0000000e+00
  -1.1420000e+03   0.0000000e+00   0.0000000e+00
  -1.1410000e+03   0.0000000e+00   0.0000000e+00
  -1.1400000e+03   0.0000000e+00   0.0000000e+00
  -1.1390000e+03   0.0000000e+00   0.0000000e+00
  -1.1380000e+03   0.0000000e+00   0.0000000e+00
  -1.1370000e+03   0.0000000e+00   0.0000000e+00
  -1.1360000e+03   0.0000000e+00   0.0000000e+00
  -1.1350000e+03   0.0000000e+00   0.0000000e+00
  -1.1340000e+03   0.0000000e+00   0.0000000e+00
  -1.1330000e+03   0.0000000e+00   0.0000000e+00
  -1.1320000e+03   0.0000000e+00   0.0000000e+00
  -1.1310000e+03   0.0000000e+00   0.0000000e+00
  -1.1300000e+03   0.0000000e+00   0.0000000e+00
  -1.1290000e+03   0.0000000e+00   0.0000000e+00
  -1.1280000e+03   0.0000000e+00   0.0000000e+00
  -1.1270000e+03   0.0000000e+00   0.0000000e+00
  -1.1260000e+03   0.0000000e+00   0.0000000e+00
  -1.1250000e+03   0.0000000e+00   0.0000000e+00
  -1.1240000e+03   0.0000000e+00   0.0000000e+00
  -1.1230000e+03   0.0000000e+00   0.0000000e+00
  -1.1220000e+03   0.0000000e+00   0.0000000e+00
  -1.1210000e+03   0.0000000e+00   0.0000000e+00
  -1.1200000e+03   0.0000000e+00   0.0000000e+00
  -1.1190000e+03   0.0000000e+00   0.0000000e+00
  -1.1180000e+03   0.0000000e+00   0.0000000e+00
  -1.1170000e+03   0.0000000e+00   0.0000000e+00
  -1.1160000e+03   0.0000000e+00   0.0000000e+00
  -1.1150000e+03   0.0000000e+00   0.0000000e+00
  -1.1140000e+03   0.0000000e+00   0.0000000e+00
  -1.1130000e+03   0.0000000e+00   0.0000000e+00
  -1.1120000e+03   0.0000000e+00   0.0000000e+00
  -1.1110000e+03   0.0000000e+00   0.0000000e+00
  -1.1100000e+03   0.0000000e+00   0.0000000e+00
  -1.1090000e+03   0.0000000e+00   0.0000000e+00
  -1.1080000e+03   0.0000000e+00   0.0000000e+00
  -1.1070000e+03   0.0000000e+00   0.0000000e+00
  -1.1060000e+03   0.0000000e+00   0.0000000e+00
  -1.1050000e+03   0.0000000e+00   0.0000000e+00
  -1.1040000e+03   0.0000000e+00   0.0000000e+00
  -1.1030000e+03   0.0000000e+00   0.0000000e+00
  -1.1020000e+03   0.0000000e+00   0.0000000e+00
  -1.1010000e+03   0.0000000e+00   0.0000000e+00
  -1.1000000e+03   6.3294317e-01   1.1521329e-16
  -1.0990000e+03   6.3484516e-01   0.0000000e+00
  -1.0980000e+03   6.3186971e-01   1.1521329e-16
  -1.0970000e+03   6.3072110e-01   0.0000000e+00
  -1.0960000e+03   6.2907880e-01   1.1521329e-16
  -1.0950000e+03   6.2791319e-01   0.0000000e+00
  -1.0940000e+03   6.2964986e-01   0.0000000e+00
  -1.0930000e+03   6.3135985e-01   2.3042658e-16
  -1.0920000e+03   6.2615063e-01   1.1521329e-16
  -1.0910000e+03   6.2828138e-01   0.0000000e+00
  -1.0900000e+03   6.1849541e-01   1.1521329e-16
  -1.0890000e+03   5.9689804e-01   1.1521329e-16
  -1.0880000e+03   5.7903063e-01   1.1521329e-16
  -1.0870000e+03   5.7191832e-01   0.0000000e+00
  -1.0860000e+03   5.5145849e-01   0.0000000e+00
  -1.0850000e+03   5.4715172e-01   1.1521329e-16
  -1.0840000e+03   4.9060800e-01   1.1521329e-16
  -1.0830000e+03   5.9773957e-01   1.1521329e-16
  -1.0820000e+03   5.9394969e-01   0.0000000e+00
  -1.0810000e+03   6.0154268e-01   0.0000000e+00
  -1.0800000e+03   6.0191220e-01   1.1521329e-16
  -1.0790000e+03   6.0122176e-01   0.0000000e+00
  -1.0780000e+03   6.0039104e-01   0.0000000e+00
  -1.0770000e+03   5.9562448e-01   0.0000000e+00
  -1.0760000e+03   5.9095164e-01   2.3042658e-16
  -1.0750000e+03   6.8193853e-01   1.1521329e-16
  -1.0740000e+03   6.8173180e-01   1.1521329e-16
  -1.0730000e+03   6.8190591e-01   1.1521329e-16
  -1.0720000e+03   6.8337741e-01   2.3042658e-16
  -1.0710000e+03   6.5758680e-01   1.1521329e-16
  -1.0700000e+03   6.5707127e-01   0.0000000e+00
  -1.0690000e+03   6.7007286e-01   0.0000000e+00
  -1.0680000e+03   6.6859263e-01   1.1521329e-16
  -1.0670000e+03   6.9990729e-01   1.1521329e-16
  -1.0660000e+03   7.0928786e-01   1.1521329e-16
  -1.0650000e+03   6.8667377e-01   1.1521329e-16
  -1.0640000e+03   7.1163386e-01   0.0000000e+00
  -1.0630000e+03   6.6857535e-01   1.1521329e-16
  -1.0620000e+03   6.6972430e-01   1.1521329e-16
  -1.0610000e+03   6.6624828e-01   0.0000000e+00
  -1.0600000e+03   6.5715803e-01   1.1521329e-16
  -1.0590000e+03   6.7062003e-01   1.1521329e-16
  -1.0580000e+03   6.7822857e-01   1.1521329e-16
  -1.0570000e+03   6.7385405e-01   2.3042658e-16
  -1.0560000e+03   6.6924080e-01   0.0000000e+00
  -1.0550000e+03   6.6163700e-01   1.1521329e-16
  -1.0540000e+03   6.5445545e-01   1.1521329e-16
  -1.0530000e+03   6.4156268e-01   1.1521329e-16
  -1.0520000e+03   6.2842898e-01   1.1521329e-16
  -1.0510000e+03   6.1317779e-01   0.0000000e+00
  -1.0500000e+03   5.9591342e-01   1.1521329e-16
  -1.0490000e+03   6.1028706e-01   0.0000000e+00
  -1.0480000e+03   5.9022710e-01   0.0000000e+00
  -1.0470000e+03   6.1200831e-01   2.3042658e-16
  -1.0460000e+03   6.3699640e-01   0.0000000e+00
  -1.0450000e+03   6.8002364e-01   1.1521329e-16
  -1.0440000e+03   7.0992886e-01   2.3042658e-16
  -1.0430000e+03   7.1133328e-01   1.1521329e-16
  -1.0420000e+03   7.2571011e-01   1.1521329e-16
  -1.0410000e+03   7.5364339e-01   0.0000000e+00
  -1.0400000e+03   7.5660229e-01   0.0000000e+00
  -1.0390000e+03   7.4956789e-01   0.0000000e+00
  -1.0380000e+03   7.5936038e-01   0.0000000e+00
  -1.0370000e+03   7.5904065e-01   0.0000000e+00
  -1.0360000e+03   7.1600495e-01   1.1521329e-16
  -1.0350000e+03   7.3875753e-01   0.0000000e+00
  -1.0340000e+03   7.1888177e-01   2.3042658e-16
  -1.0330000e+03   7.3009538e-01   2.3042658e-16
  -1.0320000e+03   7.2806765e-01   0.0000000e+00
  -1.0310000e+03   7.2350512e-01   2.3042658e-16
  -1.0300000e+03   7.1909952e-01   1.1521329e-16
  -1.0290000e+03   7.2030897e-01   1.1521329e-16
  -1.0280000e+03   7.1072878e-01   2.3042658e-16
  -1.0270000e+03   7.1551068e-01   0.0000000e+00
  -1.0260000e+03   7.1825062e-01   1.1521329e-16
  -1.0250000e+03   7.2187157e-01   2.3042658e-16
  -1.0240000e+03   7.1906340e-01   1.1521329e-16
  -1.0230000e+03   6.8331794e-01   0.0000000e+00
  -1.0220000e+03   6.9961472e-01   0.0000000e+00
  -1.0210000e+03   6.8896293e-01   0.0000000e+00
  -1.0200000e+03   6.9387872e-01   1.1521329e-16
  -1.0190000e+03   6.8501831e-01   2.3042658e-16
  -1.0180000e+03   6.9749306e-01   1.1521329e-16
  -1.0170000e+03   6.9434800e-01   0.0000000e+00
  -1.0160000e+03   7.0891379e-01   0.0000000e+00
  -1.0150000e+03   7.0397605e-01   1.1521329e-16
  -1.0140000e+03   7.0291959e-01   1.1521329e-16
  -1.0130000e+03   6.9637733e-01   1.1521329e-16
  -1.0120000e+03   6.9302793e-01   1.1521329e-16
  -1.0110000e+03   6.8247516e-01   1.1521329e-16
  -1.0100000e+03   6.8224488e-01   1.1521329e-16
  -1.0090000e+03   6.8101957e-01   2.3042658e-16
  -1.0080000e+03   6.8119148e-01   2.3042658e-16
  -1.0070000e+03   6.7886946e-01   1.1521329e-16
  -1.0060000e+03   6.8284727e-01   2.3042658e-16
  -1.0050000e+03   6.7982177e-01   2.3042658e-16
  -1.0040000e+03   6.7032080e-01   0.0000000e+00
  -1.0030000e+03   6.6033890e-01   0.0000000e+00
  -1.0020000e+03   6.5627590e-01   1.1521329e-16
  -1.0010000e+03   6.5247552e-01   0.0000000e+00
  -1.0000000e+03   6.5318437e-01   1.1521329e-16
  -9.9900000e+02   6.5138887e-01   2.3042658e-16
  -9.9800000e+02   6.6131174e-01   0.0000000e+00
  -9.9700000e+02   6.5184581e-01   1.1521329e-16
  -9.9600000e+02   6.3070110e-01   0.0000000e+00
  -9.9500000e+02   6.1461226e-01   2.3042658e-16
  -9.9400000e+02   6.1609019e-01   2.3042658e-16
  -9.9300000e+02   6.1172297e-01   0.0000000e+00
  -9.9200000e+02   6.2000487e-01   1.1521329e-16
  -9.9100000e+02   6.1891133e-01   1.1521329e-16
  -9.9000000e+02   6.1934375e-01   0.0000000e+00
  -9.8900000e+02   6.2682426e-01   1.1521329e-16
  -9.8800000e+02   6.1792958e-01   0.0000000e+00
  -9.8700000e+02   6.3619238e-01   0.0000000e+00
  -9.8600000e+02   6.4208803e-01   0.0000000e+00
  -9.8500000e+02   6.2502325e-01   1.1521329e-16
  -9.8400000e+02   6.4403967e-01   0.0000000e+00
  -9.8300000e+02   6.5851993e-01   1.1521329e-16
  -9.8200000e+02   6.6073437e-01   1.1521329e-16
  -9.8100000e+02   6.6374522e-01   1.1521329e-16
  -9.8000000e+02   6.6323208e-01   1.1521329e-16
  -9.7900000e+02   6.6127323e-01   1.1521329e-16
  -9.7800000e+02   6.6265493e-01   1.1521329e-16
  -9.7700000e+02   6.5972053e-01   1.1521329e-16
  -9.7600000e+02   6.5960494e-01   1.1521329e-16
  -9.7500000e+02   6.4815472e-01   0.0000000e+00
  -9.7400000e+02   6.4825442e-01   1.1521329e-16
  -9.7300000e+02   6.3062650e-01   0.0000000e+00
  -9.7200000e+02   6.4019139e-01   0.0000000e+00
  -9.7100000e+02   6.7016824e-01   0.0000000e+00
  -9.7000000e+02   6.8057491e-01   1.1521329e-16
  -9.6900000e+02   6.8704195e-01   2.3042658e-16
  -9.6800000e+02   6.8237290e-01   2.3042658e-16
  -9.6700000e+02   6.8381074e-01   0.0000000e+00
  -9.6600000e+02   6.8133519e-01   0.0000000e+00
  -9.6500000e+02   6.8593699e-01   2.3042658e-16
  -9.6400000e+02   6.8964303e-01   0.0000000e+00
  -9.6300000e+02   6.9104108e-01   0.0000000e+00
  -9.6200000e+02   6.9257176e-01   1.1521329e-16
  -9.6100000e+02   6.9144699e-01   2.3042658e-16
  -9.6000000e+02   6.9403406e-01   1.1521329e-16
  -9.5900000e+02   6.9280840e-01   0.0000000e+00
  -9.5800000e+02   6.9304311e-01   0.0000000e+00
  -9.5700000e+02   6.8991028e-01   0.0000000e+00
  -9.5600000e+02   6.8794415e-01   0.0000000e+00
  -9.5500000e+02   6.8144620e-01   1.1521329e-16
  -9.5400000e+02   6.7493738e-01   0.0000000e+00
  -9.5300000e+02   6.8772006e-01   2.3042658e-16
  -9.5200000e+02   6.7409161e-01   0.0000000e+00
  -9.5100000e+02   6.8680555e-01   2.3042658e-16
  -9.5000000e+02   6.8600317e-01   0.0000000e+00
  -9.4900000e+02   6.9628266e-01   1.1521329e-16
  -9.4800000e+02   7.1315970e-01   2.3042658e-16
  -9.4700000e+02   7.0020717e-01   0.0000000e+00
  -9.4600000e+02   7.0777484e-01   1.1521329e-16
  -9.4500000e+02   7.2308619e-01   1.1521329e-16
  -9.4400000e+02   7.2615119e-01   1.1521329e-16
  -9.4300000e+02   7.1729086e-01   2.3042658e-16
  -9.4200000e+02   7.0704096e-01   1.1521329e-16
  -9.4100000e+02   7.2597290e-01   0.0000000e+00
  -9.4000000e+02   7.2599937e-01   2.3042658e-16
  -9.3900000e+02   7.2777872e-01   0.0000000e+00
  -9.3800000e+02   7.3291125e-01   1.1521329e-16
  -9.3700000e+02   7.3288873e-01   1.1521329e-16
  -9.3600000e+02   7.3602835e-01   0.0000000e+00
  -9.3500000e+02   7.4739096e-01   1.1521329e-16
  -9.3400000e+02   7.4046109e-01   0.0000000e+00
  -9.3300000e+02   7.5509037e-01   1.1521329e-16
  -9.3200000e+02   7.5531884e-01   0.0000000e+00
  -9.3100000e+02   7.5383672e-01   0.0000000e+00
  -9.3000000e+02   7.5542252e-01   1.1521329e-16
  -9.2900000e+02   7.5728939e-01   1.1521329e-16
  -9.2800000e+02   7.5808445e-01   2.3042658e-16
  -9.2700000e+02   7.5858107e-01   0.0000000e+00
  -9.2600000e+02   7.6151886e-01   1.1521329e-16
  -9.2500000e+02   7.4918915e-01   0.0000000e+00
  -9.2400000e+02   7.6168031e-01   2.3042658e-16
  -9.2300000e+02   7.6213208e-01   2.3042658e-16
  -9.2200000e+02   7.7814101e-01   2.3042658e-16
  -9.2100000e+02   7.7445630e-01   0.0000000e+00
  -9.2000000e+02   7.7557444e-01   0.0000000e+00
  -9.1900000e+02   7.6692316e-01   0.0000000e+00
  -9.1800000e+02   7.7626821e-01   0.0000000e+00
  -9.1700000e+02   7.6653125e-01   0.0000000e+00
  -9.1600000e+02   7.6144015e-01   1.1521329e-16
  -9.1500000e+02   7.6791035e-01   1.1521329e-16
  -9.1400000e+02   7.6930104e-01   0.0000000e+00
  -9.1300000e+02   7.6578370e-01   1.1521329e-16
  -9.1200000e+02   7.6428945e-01   0.0000000e+00
  -9.1100000e+02   7.6223211e-01   1.1521329e-16
  -9.1000000e+02   7.5928318e-01   1.1521329e-16
  -9.0900000e+02   7.6493098e-01   1.1521329e-16
  -9.0800000e+02   7.6589230e-01   0.0000000e+00
  -9.0700000e+02   7.6297513e-01   1.1521329e-16
  -9.0600000e+02   7.6075744e-01   1.1521329e-16
  -9.0500000e+02   7.5979795e-01   2.3042658e-16
  -9.0400000e+02   7.5403294e-01   0.0000000e+00
  -9.0300000e+02   7.4837681e-01   2.3042658e-16
  -9.0200000e+02   7.5070388e-01   1.1521329e-16
  -9.0100000e+02   7.4210878e-01   0.0000000e+00
  -9.0000000e+02   7.4472050e-01   2.3042658e-16
  -8.9900000e+02   7.4411385e-01   0.0000000e+00
  -8.9800000e+02   7.3191219e-01   2.3042658e-16
  -8.9700000e+02   7.4497484e-01   2.3042658e-16
  -8.9600000e+02   7.5185248e-01   0.0000000e+00
  -8.9500000e+02   7.7285709e-01   0.0000000e+00
  -8.9400000e+02   7.6806410e-01   1.1521329e-16
  -8.9300000e+02   7.6819301e-01   1.1521329e-16
  -8.9200000e+02   7.6571945e-01   2.3042658e-16
  -8.9100000e+02   7.6163968e-01   1.1521329e-16
  -8.9000000e+02   7.5816330e-01   0.0000000e+00
  -8.8900000e+02   7.5607877e-01   2.3042658e-16
  -8.8800000e+02   7.3661546e-01   2.3042658e-16
  -8.8700000e+02   7.2501595e-01   2.3042658e-16
  -8.8600000e+02   7.4676301e-01   0.0000000e+00
  -8.8500000e+02   7.3005039e-01   1.1521329e-16
  -8.8400000e+02   7.0570569e-01   2.3042658e-16
  -8.8300000e+02   7.1120138e-01   2.3042658e-16
  -8.8200000e+02   7.1227783e-01   0.0000000e+00
  -8.8100000e+02   7.0926066e-01   1.1521329e-16
  -8.8000000e+02   7.0442662e-01   1.1521329e-16
  -8.7900000e+02   6.9223099e-01   2.3042658e-16
  -8.7800000e+02   6.8567700e-01   0.0000000e+00
  -8.7700000e+02   6.9125580e-01   0.0000000e+00
  -8.7600000e+02   6.9306308e-01   1.1521329e-16
  -8.7500000e+02   6.9856685e-01   0.0000000e+00
  -8.7400000e+02   6.9813946e-01   0.0000000e+00
  -8.7300000e+02   6.9198985e-01   2.3042658e-16
  -8.7200000e+02   6.8063976e-01   0.0000000e+00
  -8.7100000e+02   6.7347888e-01   1.1521329e-16
  -8.7000000e+02   6.6155527e-01   1.1521329e-16
  -8.6900000e+02   6.5209984e-01   0.0000000e+00
  -8.6800000e+02   6.7804718e-01   1.1521329e-16
  -8.6700000e+02   6.7729271e-01   1.1521329e-16
  -8.6600000e+02   6.6533907e-01   1.1521329e-16
  -8.6500000e+02   6.8153623e-01   1.1521329e-16
  -8.6400000e+02   6.9326372e-01   1.1521329e-16
  -8.6300000e+02   7.0084476e-01   1.1521329e-16
  -8.6200000e+02   7.1542287e-01   1.1521329e-16
  -8.6100000e+02   7.1855494e-01   1.1521329e-16
  -8.6000000e+02   7.3347672e-01   1.1521329e-16
  -8.5900000e+02   7.4115343e-01   0.0000000e+00
  -8.5800000e+02   7.4928313e-01   0.0000000e+00
  -8.5700000e+02   7.5614795e-01   1.1521329e-16
  -8.5600000e+02   7.6228672e-01   2.3042658e-16
  -8.5500000e+02   7.5963898e-01   0.0000000e+00
  -8.5400000e+02   7.5129307e-01   0.0000000e+00
  -8.5300000e+02   7.6078604e-01   0.0000000e+00
  -8.5200000e+02   7.5929788e-01   0.0000000e+00
  -8.5100000e+02   7.5222457e-01   0.0000000e+00
  -8.5000000e+02   7.4653419e-01   2.3042658e-16
  -8.4900000e+02   7.3285907e-01   2.3042658e-16
  -8.4800000e+02   7.4577472e-01   0.0000000e+00
  -8.4700000e+02   7.2560379e-01   0.0000000e+00
  -8.4600000e+02   7.2746606e-01   0.0000000e+00
  -8.4500000e+02   7.2728640e-01   2.3042658e-16
  -8.4400000e+02   7.2680389e-01   2.3042658e-16
  -8.4300000e+02   7.4260563e-01   0.0000000e+00
  -8.4200000e+02   7.4128583e-01   1.1521329e-16
  -8.4100000e+02   7.4008785e-01   0.0000000e+00
  -8.4000000e+02   7.3591438e-01   1.1521329e-16
  -8.3900000e+02   7.3704267e-01   0.0000000e+00
  -8.3800000e+02   7.3703774e-01   2.3042658e-16
  -8.3700000e+02   7.3816692e-01   1.1521329e-16
  -8.3600000e+02   7.3768626e-01   0.0000000e+00
  -8.3500000e+02   7.3299572e-01   1.1521329e-16
  -8.3400000e+02   7.3604276e-01   0.0000000e+00
  -8.3300000e+02   7.3889784e-01   2.3042658e-16
  -8.3200000e+02   7.4760004e-01   0.0000000e+00
  -8.3100000e+02   7.4916075e-01   2.3042658e-16
  -8.3000000e+02   7.4557877e-01   0.0000000e+00
  -8.2900000e+02   7.5318572e-01   0.0000000e+00
  -8.2800000e+02   7.5803243e-01   1.1521329e-16
  -8.2700000e+02   7.6652714e-01   1.1521329e-16
  -8.2600000e+02   7.6445027e-01   1.1521329e-16
  -8.2500000e+02   7.5822643e-01   1.1521329e-16
  -8.2400000e+02   7.5642207e-01   2.3042658e-16
  -8.2300000e+02   7.2958242e-01   0.0000000e+00
  -8.2200000e+02   7.6409397e-01   0.0000000e+00
  -8.2100000e+02   7.7289341e-01   0.0000000e+00
  -8.2000000e+02   7.7456322e-01   0.0000000e+00
  -8.1900000e+02   7.7794707e-01   1.1521329e-16
  -8.1800000e+02   7.7920574e-01   0.0000000e+00
  -8.1700000e+02   7.8411204e-01   2.3042658e-16
  -8.1600000e+02   7.9610844e-01   0.0000000e+00
  -8.1500000e+02   7.9733652e-01   2.3042658e-16
  -8.1400000e+02   7.9549976e-01   1.1521329e-16
  -8.1300000e+02   8.0031690e-01   1.1521329e-16
  -8.1200000e+02   8.0189824e-01   0.0000000e+00
  -8.1100000e+02   7.8933178e-01   0.0000000e+00
  -8.1000000e+02   7.6166124e-01   0.0000000e+00
  -8.0900000e+02   6.3859592e-01   1.1521329e-16
  -8.0800000e+02   6.6632696e-01   1.1521329e-16
  -8.0700000e+02   6.6757895e-01   1.1521329e-16
  -8.0600000e+02   6.6633576e-01   0.0000000e+00
  -8.0500000e+02   6.7025306e-01   1.1521329e-16
  -8.0400000e+02   6.7498875e-01   0.0000000e+00
  -8.0300000e+02   6.6213853e-01   2.3042658e-16
  -8.0200000e+02   6.6299997e-01   0.0000000e+00
  -8.0100000e+02   6.5943034e-01   1.1521329e-16
  -8.0000000e+02   6.6099869e-01   0.0000000e+00
  -7.9900000e+02   6.5536843e-01   1.1521329e-16
  -7.9800000e+02   6.3006665e-01   1.1521329e-16
  -7.9700000e+02   6.3438388e-01   1.1521329e-16
  -7.9600000e+02   6.3378111e-01   0.0000000e+00
  -7.9500000e+02   6.3577590e-01   1.1521329e-16
  -7.9400000e+02   6.4914845e-01   0.0000000e+00
  -7.9300000e+02   6.5588175e-01   1.1521329e-16
  -7.9200000e+02   6.5462065e-01   1.1521329e-16
  -7.9100000e+02   6.5345912e-01   1.1521329e-16
  -7.9000000e+02   6.5421798e-01   1.1521329e-16
  -7.8900000e+02   6.6170420e-01   1.1521329e-16
  -7.8800000e+02   6.7076747e-01   1.1521329e-16
  -7.8700000e+02   6.6819813e-01   2.3042658e-16
  -7.8600000e+02   6.6726931e-01   2.3042658e-16
  -7.8500000e+02   6.6459120e-01   2.3042658e-16
  -7.8400000e+02   6.6980097e-01   0.0000000e+00
  -7.8300000e+02   6.6811558e-01   1.1521329e-16
  -7.8200000e+02   6.6894386e-01   0.0000000e+00
  -7.8100000e+02   6.4829862e-01   0.0000000e+00
  -7.8000000e+02   6.5596728e-01   1.1521329e-16
  -7.7900000e+02   6.6041430e-01   0.0000000e+00
  -7.7800000e+02   6.5286102e-01   2.3042658e-16
  -7.7700000e+02   6.6501191e-01   2.3042658e-16
  -7.7600000e+02   6.6091408e-01   1.1521329e-16
  -7.7500000e+02   6.6145515e-01   2.3042658e-16
  -7.7400000e+02   6.6124623e-01   1.1521329e-16
  -7.7300000e+02   6.5862713e-01   1.1521329e-16
  -7.7200000e+02   6.5709175e-01   2.3042658e-16
  -7.7100000e+02   6.5891705e-01   1.1521329e-16
  -7.7000000e+02   6.6840396e-01   2.3042658e-16
  -7.6900000e+02   6.6907311e-01   0.0000000e+00
  -7.6800000e+02   6.6830274e-01   0.0000000e+00
  -7.6700000e+02   6.6230886e-01   1.1521329e-16
  -7.6600000e+02   6.5373791e-01   0.0000000e+00
  -7.6500000e+02   6.4538734e-01   1.1521329e-16
  -7.6400000e+02   6.3855573e-01   1.1521329e-16
  -7.6300000e+02   6.2973716e-01   1.1521329e-16
  -7.6200000e+02   6.2276178e-01   1.1521329e-16
  -7.6100000e+02   6.0533875e-01   2.3042658e-16
  -7.6000000e+02   6.0247801e-01   2.3042658e-16
  -7.5900000e+02   5.9127534e-01   1.1521329e-16
  -7.5800000e+02   6.0101129e-01   0.0000000e+00
  -7.5700000e+02   5.9647508e-01   1.1521329e-16
  -7.5600000e+02   6.1243565e-01   1.1521329e-16
  -7.5500000e+02   6.2050626e-01   1.1521329e-16
  -7.5400000e+02   6.1542976e-01   1.1521329e-16
  -7.5300000e+02   6.1381322e-01   2.3042658e-16
  -7.5200000e+02   6.1446004e-01   2.3042658e-16
  -7.5100000e+02   6.0337154e-01   0.0000000e+00
  -7.5000000e+02   6.1896737e-01   1.1521329e-16
  -7.4900000e+02   6.1811789e-01   1.1521329e-16
  -7.4800000e+02   6.3588857e-01   2.3042658e-16
  -7.4700000e+02   6.3946583e-01   1.1521329e-16
  -7.4600000e+02   6.4454515e-01   1.1521329e-16
  -7.4500000e+02   6.4050834e-01   0.0000000e+00
  -7.4400000e+02   6.5218402e-01   0.0000000e+00
  -7.4300000e+02   6.5292989e-01   1.1521329e-16
  -7.4200000e+02   6.4987401e-01   1.1521329e-16
  -7.4100000e+02   6.4924063e-01   1.1521329e-16
  -7.4000000e+02   6.4852119e-01   0.0000000e+00
  -7.3900000e+02   6.4616350e-01   1.1521329e-16
  -7.3800000e+02   6.4578019e-01   2.3042658e-16
  -7.3700000e+02   6.3278626e-01   0.0000000e+00
  -7.3600000e+02   6.3846238e-01   1.1521329e-16
  -7.3500000e+02   6.4596689e-01   2.3042658e-16
  -7.3400000e+02   6.4544842e-01   0.0000000e+00
  -7.3300000e+02   6.4267993e-01   0.0000000e+00
  -7.3200000e+02   6.4072222e-01   1.1521329e-16
  -7.3100000e+02   6.3774246e-01   1.1521329e-16
  -7.3000000e+02   6.2815162e-01   1.1521329e-16
  -7.2900000e+02   6.1779074e-01   1.1521329e-16
  -7.2800000e+02   5.8627435e-01   0.0000000e+00
  -7.2700000e+02   5.9778172e-01   2.3042658e-16
  -7.2600000e+02   5.8992158e-01   1.1521329e-16
  -7.2500000e+02   5.9431695e-01   1.1521329e-16
  -7.2400000e+02   5.9785849e-01   1.1521329e-16
  -7.2300000e+02   5.9966469e-01   2.3042658e-16
  -7.2200000e+02   5.9906541e-01   1.1521329e-16
  -7.2100000e+02   6.1357605e-01   1.1521329e-16
  -7.2000000e+02   6.1429169e-01   2.3042658e-16
  -7.1900000e+02   6.1682114e-01   1.1521329e-16
  -7.1800000e+02   6.1616705e-01   1.1521329e-16
  -7.1700000e+02   6.1887525e-01   0.0000000e+00
  -7.1600000e+02   6.1794342e-01   1.1521329e-16
  -7.1500000e+02   6.2040723e-01   1.1521329e-16
  -7.1400000e+02   6.2145859e-01   1.1521329e-16
  -7.1300000e+02   6.1404835e-01   1.1521329e-16
  -7.1200000e+02   6.1691565e-01   1.1521329e-16
  -7.1100000e+02   6.1375679e-01   1.1521329e-16
  -7.1000000e+02   6.3225265e-01   2.3042658e-16
  -7.0900000e+02   6.6073694e-01   1.1521329e-16
  -7.0800000e+02   7.0381293e-01   0.0000000e+00
  -7.0700000e+02   7.1257062e-01   0.0000000e+00
  -7.0600000e+02   7.1451091e-01   1.1521329e-16
  -7.0500000e+02   7.1230385e-01   0.0000000e+00
  -7.0400000e+02   7.0885181e-01   1.1521329e-16
  -7.0300000e+02   7.2210248e-01   1.1521329e-16
  -7.0200000e+02   7.3052202e-01   2.3042658e-16
  -7.0100000e+02   7.3577068e-01   1.1521329e-16
  -7.0000000e+02   7.3502170e-01   1.1521329e-16
  -6.9900000e+02   7.3742180e-01   2.3042658e-16
  -6.9800000e+02   7.6413192e-01   0.0000000e+00
  -6.9700000e+02   7.7558326e-01   2.3042658e-16
  -6.9600000e+02   7.7975481e-01   0.0000000e+00
  -6.9500000e+02   7.7689202e-01   0.0000000e+00
  -6.9400000e+02   7.8599871e-01   0.0000000e+00
  -6.9300000e+02   7.8746948e-01   2.3042658e-16
  -6.9200000e+02   7.8939918e-01   1.1521329e-16
  -6.9100000e+02   7.8564425e-01   0.0000000e+00
  -6.9000000e+02   7.8209532e-01   0.0000000e+00
  -6.8900000e+02   7.6253839e-01   2.3042658e-16
  -6.8800000e+02   7.6323723e-01   2.3042658e-16
  -6.8700000e+02   7.7226475e-01   2.3042658e-16
  -6.8600000e+02   7.7107787e-01   1.1521329e-16
  -6.8500000e+02   7.6863515e-01   2.3042658e-16
  -6.8400000e+02   7.6844924e-01   0.0000000e+00
  -6.8300000e+02   7.7235634e-01   2.3042658e-16
  -6.8200000e+02   7.8370136e-01   1.1521329e-16
  -6.8100000e+02   7.9350353e-01   0.0000000e+00
  -6.8000000e+02   7.8594461e-01   2.3042658e-16
  -6.7900000e+02   7.8805540e-01   2.3042658e-16
  -6.7800000e+02   7.7990145e-01   1.1521329e-16
  -6.7700000e+02   7.8681883e-01   0.0000000e+00
  -6.7600000e+02   7.9354275e-01   2.3042658e-16
  -6.7500000e+02   7.9410237e-01   1.1521329e-16
  -6.7400000e+02   7.9213448e-01   0.0000000e+00
  -6.7300000e+02   7.9901062e-01   1.1521329e-16
  -6.7200000e+02   7.9801406e-01   0.0000000e+00
  -6.7100000e+02   7.9626946e-01   0.0000000e+00
  -6.7000000e+02   7.9741701e-01   1.1521329e-16
  -6.6900000e+02   7.9825493e-01   0.0000000e+00
  -6.6800000e+02   7.9782503e-01   0.0000000e+00
  -6.6700000e+02   7.9379631e-01   0.0000000e+00
  -6.6600000e+02   7.8895963e-01   1.1521329e-16
  -6.6500000e+02   7.8149296e-01   2.3042658e-16
  -6.6400000e+02   7.8342613e-01   1.1521329e-16
  -6.6300000e+02   7.7875115e-01   0.0000000e+00
  -6.6200000e+02   7.6986827e-01   2.3042658e-16
  -6.6100000e+02   7.6706509e-01   0.0000000e+00
  -6.6000000e+02   7.5933671e-01   2.3042658e-16
  -6.5900000e+02   7.5067310e-01   2.3042658e-16
  -6.5800000e+02   7.5413090e-01   2.3042658e-16
  -6.5700000e+02   7.3388760e-01   1.1521329e-16
  -6.5600000e+02   7.3918821e-01   1.1521329e-16
  -6.5500000e+02   7.3633178e-01   2.3042658e-16
  -6.5400000e+02   7.5192073e-01   0.0000000e+00
  -6.5300000e+02   7.5399967e-01   2.3042658e-16
  -6.5200000e+02   7.4869573e-01   2.3042658e-16
  -6.5100000e+02   7.4595445e-01   2.3042658e-16
  -6.5000000e+02   7.5522545e-01   1.1521329e-16
  -6.4900000e+02   7.4952498e-01   0.0000000e+00
  -6.4800000e+02   7.5645345e-01   0.0000000e+00
  -6.4700000e+02   7.5478420e-01   2.3042658e-16
  -6.4600000e+02   7.5889010e-01   0.0000000e+00
  -6.4500000e+02   7.5960863e-01   0.0000000e+00
  -6.4400000e+02   7.4956667e-01   0.0000000e+00
  -6.4300000e+02   7.5128437e-01   2.3042658e-16
  -6.4200000e+02   7.8053094e-01   0.0000000e+00
  -6.4100000e+02   7.8502086e-01   1.1521329e-16
  -6.4000000e+02   7.7502038e-01   2.3042658e-16
  -6.3900000e+02   7.6387575e-01   1.1521329e-16
  -6.3800000e+02   7.2529724e-01   2.3042658e-16
  -6.3700000e+02   6.9553675e-01   0.0000000e+00
  -6.3600000e+02   6.6865448e-01   0.0000000e+00
  -6.3500000e+02   6.6438006e-01   0.0000000e+00
  -6.3400000e+02   6.3764322e-01   0.0000000e+00
  -6.3300000e+02   6.4115545e-01   1.1521329e-16
  -6.3200000e+02   6.4750070e-01   1.1521329e-16
  -6.3100000e+02   6.4791858e-01   1.1521329e-16
  -6.3000000e+02   6.4216367e-01   1.1521329e-16
  -6.2900000e+02   6.4215139e-01   0.0000000e+00
  -6.2800000e+02   6.5141414e-01   1.1521329e-16
  -6.2700000e+02   6.6985237e-01   2.3042658e-16
  -6.2600000e+02   6.7703476e-01   1.1521329e-16
  -6.2500000e+02   6.7701582e-01   0.0000000e+00
  -6.2400000e+02   6.7616824e-01   1.1521329e-16
  -6.2300000e+02   6.7057967e-01   2.3042658e-16
  -6.2200000e+02   6.6380239e-01   1.1521329e-16
  -6.2100000e+02   6.6679718e-01   1.1521329e-16
  -6.2000000e+02   6.6973980e-01   0.0000000e+00
  -6.1900000e+02   6.7068276e-01   1.1521329e-16
  -6.1800000e+02   6.6941240e-01   1.1521329e-16
  -6.1700000e+02   6.6475820e-01   1.1521329e-16
  -6.1600000e+02   6.6606657e-01   1.1521329e-16
  -6.1500000e+02   6.2971611e-01   1.1521329e-16
  -6.1400000e+02   6.5143680e-01   0.0000000e+00
  -6.1300000e+02   6.7519499e-01   1.1521329e-16
  -6.1200000e+02   6.8842995e-01   1.1521329e-16
  -6.1100000e+02   6.9098018e-01   1.1521329e-16
  -6.1000000e+02   7.0285534e-01   1.1521329e-16
  -6.0900000e+02   6.9444656e-01   0.0000000e+00
  -6.0800000e+02   6.9468926e-01   0.0000000e+00
  -6.0700000e+02   6.9371761e-01   0.0000000e+00
  -6.0600000e+02   6.9528638e-01   1.1521329e-16
  -6.0500000e+02   6.7606473e-01   1.1521329e-16
  -6.0400000e+02   6.8221401e-01   1.1521329e-16
  -6.0300000e+02   6.8391899e-01   1.1521329e-16
  -6.0200000e+02   6.8134328e-01   0.0000000e+00
  -6.0100000e+02   6.8246940e-01   0.0000000e+00
  -6.0000000e+02   6.7597229e-01   1.1521329e-16
  -5.9900000e+02   6.7559130e-01   0.0000000e+00
  -5.9800000e+02   6.6931120e-01   0.0000000e+00
  -5.9700000e+02   6.6694162e-01   2.3042658e-16
  -5.9600000e+02   6.6784217e-01   2.3042658e-16
  -5.9500000e+02   6.6539521e-01   1.1521329e-16
  -5.9400000e+02   6.6456721e-01   1.1521329e-16
  -5.9300000e+02   6.5984708e-01   0.0000000e+00
  -5.9200000e+02   6.5559792e-01   0.0000000e+00
  -5.9100000e+02   6.5684280e-01   1.1521329e-16
  -5.9000000e+02   6.4747742e-01   1.1521329e-16
  -5.8900000e+02   6.5475656e-01   1.1521329e-16
  -5.8800000e+02   6.5835049e-01   2.3042658e-16
  -5.8700000e+02   6.6135224e-01   0.0000000e+00
  -5.8600000e+02   6.6420106e-01   0.0000000e+00
  -5.8500000e+02   6.5775727e-01   1.1521329e-16
  -5.8400000e+02   6.5265569e-01   1.1521329e-16
  -5.8300000e+02   6.3975707e-01   1.1521329e-16
  -5.8200000e+02   6.2856283e-01   0.0000000e+00
  -5.8100000e+02   6.1276945e-01   0.0000000e+00
  -5.8000000e+02   6.2620755e-01   1.1521329e-16
  -5.7900000e+02   6.3715198e-01   0.0000000e+00
  -5.7800000e+02   6.5047359e-01   0.0000000e+00
  -5.7700000e+02   6.5889284e-01   1.1521329e-16
  -5.7600000e+02   6.6055156e-01   1.1521329e-16
  -5.7500000e+02   6.5904473e-01   1.1521329e-16
  -5.7400000e+02   6.6226266e-01   1.1521329e-16
  -5.7300000e+02   6.7015547e-01   2.3042658e-16
  -5.7200000e+02   6.7372692e-01   1.1521329e-16
  -5.7100000e+02   6.7183341e-01   0.0000000e+00
  -5.7000000e+02   6.7060790e-01   2.3042658e-16
  -5.6900000e+02   6.6162021e-01   0.0000000e+00
  -5.6800000e+02   6.6111749e-01   0.0000000e+00
  -5.6700000e+02   6.6635907e-01   1.1521329e-16
  -5.6600000e+02   6.6630856e-01   1.1521329e-16
  -5.6500000e+02   6.7355257e-01   0.0000000e+00
  -5.6400000e+02   6.7297312e-01   1.1521329e-16
  -5.6300000e+02   6.7065334e-01   1.1521329e-16
  -5.6200000e+02   6.6397362e-01   1.1521329e-16
  -5.6100000e+02   6.5839510e-01   1.1521329e-16
  -5.6000000e+02   6.4196030e-01   1.1521329e-16
  -5.5900000e+02   6.3260427e-01   1.1521329e-16
  -5.5800000e+02   6.3145305e-01   1.1521329e-16
  -5.5700000e+02   6.3155361e-01   1.1521329e-16
  -5.5600000e+02   6.2504106e-01   1.1521329e-16
  -5.5500000e+02   6.3344259e-01   0.0000000e+00
  -5.5400000e+02   6.4347864e-01   0.0000000e+00
  -5.5300000e+02   6.4780855e-01   1.1521329e-16
  -5.5200000e+02   6.4481470e-01   0.0000000e+00
  -5.5100000e+02   6.4537133e-01   2.3042658e-16
  -5.5000000e+02   6.4087657e-01   0.0000000e+00
  -5.4900000e+02   6.4792576e-01   0.0000000e+00
  -5.4800000e+02   6.4839384e-01   0.0000000e+00
  -5.4700000e+02   6.5425782e-01   1.1521329e-16
  -5.4600000e+02   6.5918236e-01   0.0000000e+00
  -5.4500000e+02   6.6646941e-01   1.1521329e-16
  -5.4400000e+02   6.6918429e-01   1.1521329e-16
  -5.4300000e+02   6.6327392e-01   1.1521329e-16
  -5.4200000e+02   6.6299536e-01   1.1521329e-16
  -5.4100000e+02   6.6409959e-01   0.0000000e+00
  -5.4000000e+02   6.6886769e-01   0.0000000e+00
  -5.3900000e+02   6.8878481e-01   1.1521329e-16
  -5.3800000e+02   7.0300401e-01   0.0000000e+00
  -5.3700000e+02   7.5080832e-01   2.3042658e-16
  -5.3600000e+02   7.5670218e-01   0.0000000e+00
  -5.3500000e+02   7.5808392e-01   1.1521329e-16
  -5.3400000e+02   7.5219303e-01   1.1521329e-16
  -5.3300000e+02   7.6374767e-01   1.1521329e-16
  -5.3200000e+02   7.6540793e-01   1.1521329e-16
  -5.3100000e+02   7.6343774e-01   2.3042658e-16
  -5.3000000e+02   7.6840329e-01   2.3042658e-16
  -5.2900000e+02   7.6836976e-01   1.1521329e-16
  -5.2800000e+02   7.6822091e-01   2.3042658e-16
  -5.2700000e+02   7.6284896e-01   0.0000000e+00
  -5.2600000e+02   7.6195333e-01   2.3042658e-16
  -5.2500000e+02   7.6161134e-01   2.3042658e-16
  -5.2400000e+02   7.5963422e-01   2.3042658e-16
  -5.2300000e+02   7.5951615e-01   0.0000000e+00
  -5.2200000e+02   7.5846361e-01   2.3042658e-16
  -5.2100000e+02   7.5352047e-01   1.1521329e-16
  -5.2000000e+02   7.5074293e-01   0.0000000e+00
  -5.1900000e+02   7.4226319e-01   0.0000000e+00
  -5.1800000e+02   7.4545036e-01   1.1521329e-16
  -5.1700000e+02   7.4876137e-01   0.0000000e+00
  -5.1600000e+02   7.5653379e-01   1.1521329e-16
  -5.1500000e+02   7.5035303e-01   0.0000000e+00
  -5.1400000e+02   7.5441289e-01   1.1521329e-16
  -5.1300000e+02   7.6882367e-01   1.1521329e-16
  -5.1200000e+02   7.5954828e-01   0.0000000e+00
  -5.1100000e+02   7.4471378e-01   0.0000000e+00
  -5.1000000e+02   7.7525743e-01   0.0000000e+00
  -5.0900000e+02   7.6929688e-01   1.1521329e-16
  -5.0800000e+02   7.9848510e-01   1.1521329e-16
  -5.0700000e+02   7.9755355e-01   2.3042658e-16
  -5.0600000e+02   7.9403706e-01   0.0000000e+00
  -5.0500000e+02   8.0592882e-01   1.1521329e-16
  -5.0400000e+02   8.1096156e-01   1.1521329e-16
  -5.0300000e+02   8.1146048e-01   1.1521329e-16
  -5.0200000e+02   8.0984532e-01   0.0000000e+00
  -5.0100000e+02   8.1146050e-01   2.3042658e-16
  -5.0000000e+02   8.0929104e-01   1.1521329e-16
  -4.9900000e+02   8.0825473e-01   2.3042658e-16
  -4.9800000e+02   8.0767818e-01   2.3042658e-16
  -4.9700000e+02   8.0812013e-01   0.0000000e+00
  -4.9600000e+02   8.0357045e-01   3.4563986e-16
  -4.9500000e+02   7.3326684e-01   0.0000000e+00
  -4.9400000e+02   7.4699532e-01   0.0000000e+00
  -4.9300000e+02   7.4441996e-01   1.1521329e-16
  -4.9200000e+02   7.4943732e-01   0.0000000e+00
  -4.9100000e+02   7.5053138e-01   1.1521329e-16
  -4.9000000e+02   7.4769622e-01   0.0000000e+00
  -4.8900000e+02   7.4672653e-01   1.1521329e-16
  -4.8800000e+02   7.4496503e-01   1.1521329e-16
  -4.8700000e+02   7.4136590e-01   0.0000000e+00
  -4.8600000e+02   7.4019593e-01   1.1521329e-16
  -4.8500000e+02   7.3730240e-01   1.1521329e-16
  -4.8400000e+02   7.3260567e-01   1.1521329e-16
  -4.8300000e+02   7.2520304e-01   0.0000000e+00
  -4.8200000e+02   7.3831511e-01   0.0000000e+00
  -4.8100000e+02   7.4230368e-01   2.3042658e-16
  -4.8000000e+02   7.3413814e-01   0.0000000e+00
  -4.7900000e+02   7.2470311e-01   0.0000000e+00
  -4.7800000e+02   7.1987369e-01   0.0000000e+00
  -4.7700000e+02   7.2479542e-01   1.1521329e-16
  -4.7600000e+02   7.2343930e-01   1.1521329e-16
  -4.7500000e+02   7.1824791e-01   2.3042658e-16
  -4.7400000e+02   7.0727951e-01   1.1521329e-16
  -4.7300000e+02   6.9466759e-01   2.3042658e-16
  -4.7200000e+02   6.9489293e-01   2.3042658e-16
  -4.7100000e+02   6.9278184e-01   0.0000000e+00
  -4.7000000e+02   6.9922553e-01   1.1521329e-16
  -4.6900000e+02   7.2056978e-01   1.1521329e-16
  -4.6800000e+02   7.5547688e-01   0.0000000e+00
  -4.6700000e+02   7.7259155e-01   1.1521329e-16
  -4.6600000e+02   7.8075990e-01   0.0000000e+00
  -4.6500000e+02   7.7419626e-01   0.0000000e+00
  -4.6400000e+02   7.7607350e-01   1.1521329e-16
  -4.6300000e+02   7.7796714e-01   2.3042658e-16
  -4.6200000e+02   7.7975761e-01   1.1521329e-16
  -4.6100000e+02   7.8029828e-01   1.1521329e-16
  -4.6000000e+02   7.8028189e-01   1.1521329e-16
  -4.5900000e+02   7.7468455e-01   0.0000000e+00
  -4.5800000e+02   7.7022141e-01   1.1521329e-16
  -4.5700000e+02   7.6999872e-01   1.1521329e-16
  -4.5600000e+02   7.6378521e-01   2.3042658e-16
  -4.5500000e+02   7.5403989e-01   2.3042658e-16
  -4.5400000e+02   7.4766042e-01   1.1521329e-16
  -4.5300000e+02   7.5525031e-01   0.0000000e+00
  -4.5200000e+02   7.4938436e-01   1.1521329e-16
  -4.5100000e+02   7.5101546e-01   2.3042658e-16
  -4.5000000e+02   7.3660787e-01   1.1521329e-16
  -4.4900000e+02   7.3510241e-01   0.0000000e+00
  -4.4800000e+02   7.2640537e-01   1.1521329e-16
  -4.4700000e+02   7.1628624e-01   0.0000000e+00
  -4.4600000e+02   7.0957671e-01   0.0000000e+00
  -4.4500000e+02   6.9930747e-01   0.0000000e+00
  -4.4400000e+02   6.9450654e-01   1.1521329e-16
  -4.4300000e+02   7.1113017e-01   0.0000000e+00
  -4.4200000e+02   7.1073227e-01   1.1521329e-16
  -4.4100000e+02   7.0147407e-01   0.0000000e+00
  -4.4000000e+02   6.9097578e-01   1.1521329e-16
  -4.3900000e+02   6.8134890e-01   1.1521329e-16
  -4.3800000e+02   6.7921601e-01   2.3042658e-16
  -4.3700000e+02   6.8958623e-01   0.0000000e+00
  -4.3600000e+02   6.8905778e-01   1.1521329e-16
  -4.3500000e+02   6.9290320e-01   0.0000000e+00
  -4.3400000e+02   6.9182112e-01   2.3042658e-16
  -4.3300000e+02   6.8288984e-01   0.0000000e+00
  -4.3200000e+02   6.8586674e-01   1.1521329e-16
  -4.3100000e+02   6.7898023e-01   2.3042658e-16
  -4.3000000e+02   6.7699425e-01   0.0000000e+00
  -4.2900000e+02   6.7028824e-01   2.3042658e-16
  -4.2800000e+02   6.7045775e-01   2.3042658e-16
  -4.2700000e+02   6.6137790e-01   0.0000000e+00
  -4.2600000e+02   6.6971802e-01   1.1521329e-16
  -4.2500000e+02   6.4859215e-01   0.0000000e+00
  -4.2400000e+02   6.0344276e-01   1.1521329e-16
  -4.2300000e+02   6.0218211e-01   1.1521329e-16
  -4.2200000e+02   5.9407999e-01   0.0000000e+00
  -4.2100000e+02   6.0296010e-01   1.1521329e-16
  -4.2000000e+02   6.0386090e-01   1.1521329e-16
  -4.1900000e+02   6.1490482e-01   0.0000000e+00
  -4.1800000e+02   6.1117015e-01   1.1521329e-16
  -4.1700000e+02   6.0246992e-01   0.0000000e+00
  -4.1600000e+02   5.7804616e-01   1.1521329e-16
  -4.1500000e+02   5.5733455e-01   1.1521329e-16
  -4.1400000e+02   5.8540077e-01   0.0000000e+00
  -4.1300000e+02   5.8880654e-01   1.1521329e-16
  -4.1200000e+02   5.8387153e-01   0.0000000e+00
  -4.1100000e+02   5.8150366e-01   0.0000000e+00
  -4.1000000e+02   5.6789904e-01   2.3042658e-16
  -4.0900000e+02   5.6877412e-01   1.1521329e-16
  -4.0800000e+02   5.7594817e-01   1.1521329e-16
  -4.0700000e+02   5.8293408e-01   2.3042658e-16
  -4.0600000e+02   5.8494271e-01   1.1521329e-16
  -4.0500000e+02   5.8837435e-01   1.1521329e-16
  -4.0400000e+02   5.6507390e-01   1.1521329e-16
  -4.0300000e+02   5.7513721e-01   1.1521329e-16
  -4.0200000e+02   5.9056587e-01   1.1521329e-16
  -4.0100000e+02   5.7736122e-01   1.1521329e-16
  -4.0000000e+02   6.0431395e-01   0.0000000e+00
  -3.9900000e+02   6.3116075e-01   1.1521329e-16
  -3.9800000e+02   6.4131072e-01   1.1521329e-16
  -3.9700000e+02   6.4885540e-01   0.0000000e+00
  -3.9600000e+02   6.5774809e-01   1.1521329e-16
  -3.9500000e+02   6.9283985e-01   1.1521329e-16
  -3.9400000e+02   7.2754921e-01   0.0000000e+00
  -3.9300000e+02   7.2681426e-01   1.1521329e-16
  -3.9200000e+02   7.3257716e-01   1.1521329e-16
  -3.9100000e+02   7.3142728e-01   1.1521329e-16
  -3.9000000e+02   7.3343010e-01   0.0000000e+00
  -3.8900000e+02   7.4660429e-01   0.0000000e+00
  -3.8800000e+02   7.3736520e-01   0.0000000e+00
  -3.8700000e+02   7.4205730e-01   0.0000000e+00
  -3.8600000e+02   7.4520329e-01   2.3042658e-16
  -3.8500000e+02   7.4470167e-01   1.1521329e-16
  -3.8400000e+02   7.4907230e-01   2.3042658e-16
  -3.8300000e+02   7.4984233e-01   0.0000000e+00
  -3.8200000e+02   7.4895662e-01   1.1521329e-16
  -3.8100000e+02   7.4699363e-01   0.0000000e+00
  -3.8000000e+02   7.4391211e-01   2.3042658e-16
  -3.7900000e+02   7.4366507e-01   0.0000000e+00
  -3.7800000e+02   7.4185042e-01   2.3042658e-16
  -3.7700000e+02   7.3273129e-01   1.1521329e-16
  -3.7600000e+02   7.2518853e-01   0.0000000e+00
  -3.7500000e+02   7.1341045e-01   2.3042658e-16
  -3.7400000e+02   7.1671727e-01   0.0000000e+00
  -3.7300000e+02   7.2154225e-01   0.0000000e+00
  -3.7200000e+02   7.1949226e-01   2.3042658e-16
  -3.7100000e+02   7.0273136e-01   2.3042658e-16
  -3.7000000e+02   6.8181712e-01   0.0000000e+00
  -3.6900000e+02   6.4555177e-01   1.1521329e-16
  -3.6800000e+02   6.3139213e-01   1.1521329e-16
  -3.6700000e+02   6.2625550e-01   1.1521329e-16
  -3.6600000e+02   6.3243838e-01   0.0000000e+00
  -3.6500000e+02   6.4680885e-01   1.1521329e-16
  -3.6400000e+02   6.4485844e-01   2.3042658e-16
  -3.6300000e+02   6.4466015e-01   0.0000000e+00
  -3.6200000e+02   6.4218777e-01   1.1521329e-16
  -3.6100000e+02   6.3858863e-01   1.1521329e-16
  -3.6000000e+02   6.3957319e-01   1.1521329e-16
  -3.5900000e+02   6.3557115e-01   1.1521329e-16
  -3.5800000e+02   6.2938461e-01   1.1521329e-16
  -3.5700000e+02   6.4380306e-01   0.0000000e+00
  -3.5600000e+02   6.3747871e-01   1.1521329e-16
  -3.5500000e+02   6.4509181e-01   1.1521329e-16
  -3.5400000e+02   6.3346859e-01   0.0000000e+00
  -3.5300000e+02   6.4734568e-01   0.0000000e+00
  -3.5200000e+02   6.4955128e-01   1.1521329e-16
  -3.5100000e+02   6.5342874e-01   1.1521329e-16
  -3.5000000e+02   6.4828997e-01   0.0000000e+00
  -3.4900000e+02   6.3942295e-01   1.1521329e-16
  -3.4800000e+02   6.4387626e-01   2.3042658e-16
  -3.4700000e+02   6.4815032e-01   2.3042658e-16
  -3.4600000e+02   6.5090717e-01   1.1521329e-16
  -3.4500000e+02   6.5464969e-01   1.1521329e-16
  -3.4400000e+02   6.5770764e-01   1.1521329e-16
  -3.4300000e+02   6.6058014e-01   0.0000000e+00
  -3.4200000e+02   6.5344918e-01   1.1521329e-16
  -3.4100000e+02   6.5526480e-01   1.1521329e-16
  -3.4000000e+02   6.6652790e-01   1.1521329e-16
  -3.3900000e+02   6.6820310e-01   1.1521329e-16
  -3.3800000e+02   6.7116302e-01   1.1521329e-16
  -3.3700000e+02   6.6608847e-01   1.1521329e-16
  -3.3600000e+02   6.5810196e-01   1.1521329e-16
  -3.3500000e+02   6.6031374e-01   1.1521329e-16
  -3.3400000e+02   6.5860929e-01   2.3042658e-16
  -3.3300000e+02   6.5882063e-01   1.1521329e-16
  -3.3200000e+02   6.6009019e-01   0.0000000e+00
  -3.3100000e+02   6.5350067e-01   1.1521329e-16
  -3.3000000e+02   6.5925672e-01   0.0000000e+00
  -3.2900000e+02   6.6312197e-01   1.1521329e-16
  -3.2800000e+02   6.6321765e-01   1.1521329e-16
  -3.2700000e+02   6.6211127e-01   1.1521329e-16
  -3.2600000e+02   6.8321939e-01   2.3042658e-16
  -3.2500000e+02   6.9313958e-01   1.1521329e-16
  -3.2400000e+02   7.4741272e-01   0.0000000e+00
  -3.2300000e+02   7.6344571e-01   0.0000000e+00
  -3.2200000e+02   7.7121153e-01   0.0000000e+00
  -3.2100000e+02   7.7474961e-01   1.1521329e-16
  -3.2000000e+02   7.7805786e-01   1.1521329e-16
  -3.1900000e+02   7.7559624e-01   0.0000000e+00
  -3.1800000e+02   7.7273440e-01   2.3042658e-16
  -3.1700000e+02   7.7467745e-01   0.0000000e+00
  -3.1600000e+02   7.7001569e-01   2.3042658e-16
  -3.1500000e+02   7.5591017e-01   0.0000000e+00
  -3.1400000e+02   7.5860664e-01   2.3042658e-16
  -3.1300000e+02   7.6172874e-01   0.0000000e+00
  -3.1200000e+02   7.6143984e-01   2.3042658e-16
  -3.1100000e+02   7.5939456e-01   0.0000000e+00
  -3.1000000e+02   7.6597725e-01   1.1521329e-16
  -3.0900000e+02   7.6445779e-01   0.0000000e+00
  -3.0800000e+02   7.6185728e-01   2.3042658e-16
  -3.0700000e+02   7.5255328e-01   0.0000000e+00
  -3.0600000e+02   7.5139604e-01   1.1521329e-16
  -3.0500000e+02   7.4524088e-01   0.0000000e+00
  -3.0400000e+02   7.7224376e-01   1.1521329e-16
  -3.0300000e+02   7.4653014e-01   0.0000000e+00
  -3.0200000e+02   7.5547032e-01   0.0000000e+00
  -3.0100000e+02   7.7333603e-01   0.0000000e+00
  -3.0000000e+02   7.6706890e-01   0.0000000e+00
  -2.9900000e+02   7.6054715e-01   2.3042658e-16
  -2.9800000e+02   7.7668985e-01   0.0000000e+00
  -2.9700000e+02   7.7411653e-01   2.3042658e-16
  -2.9600000e+02   7.8564673e-01   2.3042658e-16
  -2.9500000e+02   7.9246055e-01   1.1521329e-16
  -2.9400000e+02   7.9358331e-01   0.0000000e+00
  -2.9300000e+02   7.9320023e-01   0.0000000e+00
  -2.9200000e+02   7.9367954e-01   1.1521329e-16
  -2.9100000e+02   7.9283419e-01   1.1521329e-16
  -2.9000000e+02   7.8909606e-01   1.1521329e-16
  -2.8900000e+02   7.9089765e-01   0.0000000e+00
  -2.8800000e+02   7.8407570e-01   1.1521329e-16
  -2.8700000e+02   7.7247651e-01   1.1521329e-16
  -2.8600000e+02   7.7816443e-01   0.0000000e+00
  -2.8500000e+02   7.8455688e-01   0.0000000e+00
  -2.8400000e+02   7.8852395e-01   1.1521329e-16
  -2.8300000e+02   7.9051913e-01   1.1521329e-16
  -2.8200000e+02   7.9049874e-01   1.1521329e-16
  -2.8100000e+02   7.8416422e-01   0.0000000e+00
  -2.8000000e+02   7.8895266e-01   1.1521329e-16
  -2.7900000e+02   7.9469688e-01   0.0000000e+00
  -2.7800000e+02   7.9599426e-01   1.1521329e-16
  -2.7700000e+02   7.8215927e-01   0.0000000e+00
  -2.7600000e+02   8.0472911e-01   0.0000000e+00
  -2.7500000e+02   8.1317907e-01   2.3042658e-16
  -2.7400000e+02   8.1568158e-01   2.3042658e-16
  -2.7300000e+02   8.1951716e-01   1.1521329e-16
  -2.7200000e+02   8.1823866e-01   2.3042658e-16
  -2.7100000e+02   8.1426553e-01   0.0000000e+00
  -2.7000000e+02   8.1507832e-01   2.3042658e-16
  -2.6900000e+02   8.2090016e-01   3.4563986e-16
  -2.6800000e+02   8.2619871e-01   2.3042658e-16
  -2.6700000e+02   8.2651551e-01   1.1521329e-16
  -2.6600000e+02   8.3200954e-01   3.4563986e-16
  -2.6500000e+02   8.2667732e-01   2.3042658e-16
  -2.6400000e+02   8.2934820e-01   1.1521329e-16
  -2.6300000e+02   8.2577365e-01   1.1521329e-16
  -2.6200000e+02   8.2783214e-01   1.1521329e-16
  -2.6100000e+02   8.2958651e-01   0.0000000e+00
  -2.6000000e+02   8.1996563e-01   2.3042658e-16
  -2.5900000e+02   8.0203589e-01   0.0000000e+00
  -2.5800000e+02   7.9719004e-01   2.3042658e-16
  -2.5700000e+02   7.9426319e-01   0.0000000e+00
  -2.5600000e+02   7.8258248e-01   2.3042658e-16
  -2.5500000e+02   7.7483671e-01   0.0000000e+00
  -2.5400000e+02   7.5767162e-01   1.1521329e-16
  -2.5300000e+02   7.6269216e-01   2.3042658e-16
  -2.5200000e+02   7.6047318e-01   1.1521329e-16
  -2.5100000e+02   7.6252788e-01   1.1521329e-16
  -2.5000000e+02   7.7265592e-01   1.1521329e-16
  -2.4900000e+02   7.7661082e-01   0.0000000e+00
  -2.4800000e+02   7.7491097e-01   1.1521329e-16
  -2.4700000e+02   7.7111192e-01   1.1521329e-16
  -2.4600000e+02   7.7397322e-01   2.3042658e-16
  -2.4500000e+02   7.7020258e-01   0.0000000e+00
  -2.4400000e+02   7.7315587e-01   1.1521329e-16
  -2.4300000e+02   7.6783673e-01   1.1521329e-16
  -2.4200000e+02   7.6275791e-01   2.3042658e-16
  -2.4100000e+02   7.5911477e-01   1.1521329e-16
  -2.4000000e+02   7.4484861e-01   2.3042658e-16
  -2.3900000e+02   7.4566889e-01   1.1521329e-16
  -2.3800000e+02   7.4449507e-01   0.0000000e+00
  -2.3700000e+02   7.4780853e-01   0.0000000e+00
  -2.3600000e+02   7.4510601e-01   0.0000000e+00
  -2.3500000e+02   7.1893091e-01   0.0000000e+00
  -2.3400000e+02   7.2447426e-01   0.0000000e+00
  -2.3300000e+02   7.2342199e-01   0.0000000e+00
  -2.3200000e+02   7.2148831e-01   2.3042658e-16
  -2.3100000e+02   7.2605014e-01   1.1521329e-16
  -2.3000000e+02   7.2315124e-01   0.0000000e+00
  -2.2900000e+02   7.2605040e-01   1.1521329e-16
  -2.2800000e+02   7.3364737e-01   2.3042658e-16
  -2.2700000e+02   7.3249758e-01   1.1521329e-16
  -2.2600000e+02   7.3695717e-01   0.0000000e+00
  -2.2500000e+02   7.3253795e-01   2.3042658e-16
  -2.2400000e+02   7.3024026e-01   1.1521329e-16
  -2.2300000e+02   7.3006172e-01   1.1521329e-16
  -2.2200000e+02   7.2485874e-01   1.1521329e-16
  -2.2100000e+02   7.0925506e-01   1.1521329e-16
  -2.2000000e+02   7.2226045e-01   2.3042658e-16
  -2.1900000e+02   7.3919240e-01   2.3042658e-16
  -2.1800000e+02   7.4462479e-01   2.3042658e-16
  -2.1700000e+02   7.4377961e-01   1.1521329e-16
  -2.1600000e+02   7.4260548e-01   0.0000000e+00
  -2.1500000e+02   7.4038382e-01   0.0000000e+00
  -2.1400000e+02   7.3304081e-01   0.0000000e+00
  -2.1300000e+02   7.2556653e-01   0.0000000e+00
  -2.1200000e+02   7.2450989e-01   1.1521329e-16
  -2.1100000e+02   7.2378145e-01   1.1521329e-16
  -2.1000000e+02   7.0746088e-01   0.0000000e+00
  -2.0900000e+02   7.0974367e-01   2.3042658e-16
  -2.0800000e+02   7.1290557e-01   0.0000000e+00
  -2.0700000e+02   7.1630535e-01   0.0000000e+00
  -2.0600000e+02   7.1649192e-01   0.0000000e+00
  -2.0500000e+02   6.8522963e-01   1.1521329e-16
  -2.0400000e+02   7.1448545e-01   0.0000000e+00
  -2.0300000e+02   7.1623440e-01   0.0000000e+00
  -2.0200000e+02   6.9870974e-01   1.1521329e-16
  -2.0100000e+02   7.2231441e-01   2.3042658e-16
  -2.0000000e+02   6.9979015e-01   1.1521329e-16
  -1.9900000e+02   6.9405559e-01   1.1521329e-16
  -1.9800000e+02   7.0757232e-01   2.3042658e-16
  -1.9700000e+02   7.0826843e-01   1.1521329e-16
  -1.9600000e+02   7.0897733e-01   2.3042658e-16
  -1.9500000e+02   7.1970774e-01   0.0000000e+00
  -1.9400000e+02   7.0988081e-01   2.3042658e-16
  -1.9300000e+02   7.0761594e-01   2.3042658e-16
  -1.9200000e+02   6.9493439e-01   0.0000000e+00
  -1.9100000e+02   7.0126592e-01   1.1521329e-16
  -1.9000000e+02   7.0963739e-01   2.3042658e-16
  -1.8900000e+02   7.1069969e-01   0.0000000e+00
  -1.8800000e+02   6.9810069e-01   1.1521329e-16
  -1.8700000e+02   6.9555774e-01   2.3042658e-16
  -1.8600000e+02   6.8387085e-01   0.0000000e+00
  -1.8500000e+02   6.8832643e-01   1.1521329e-16
  -1.8400000e+02   6.9424063e-01   0.0000000e+00
  -1.8300000e+02   6.9348674e-01   2.3042658e-16
  -1.8200000e+02   6.9776510e-01   0.0000000e+00
  -1.8100000e+02   7.0057031e-01   0.0000000e+00
  -1.8000000e+02   7.0115765e-01   0.0000000e+00
  -1.7900000e+02   6.8704652e-01   0.0000000e+00
  -1.7800000e+02   6.8989902e-01   2.3042658e-16
  -1.7700000e+02   6.8714000e-01   2.3042658e-16
  -1.7600000e+02   6.7636487e-01   0.0000000e+00
  -1.7500000e+02   6.9437421e-01   1.1521329e-16
  -1.7400000e+02   6.9432775e-01   1.1521329e-16
  -1.7300000e+02   6.9702452e-01   1.1521329e-16
  -1.7200000e+02   7.0207197e-01   1.1521329e-16
  -1.7100000e+02   6.9889405e-01   1.1521329e-16
  -1.7000000e+02   6.9623672e-01   1.1521329e-16
  -1.6900000e+02   6.8764609e-01   1.1521329e-16
  -1.6800000e+02   6.8637984e-01   1.1521329e-16
  -1.6700000e+02   6.8260971e-01   0.0000000e+00
  -1.6600000e+02   6.9225573e-01   2.3042658e-16
  -1.6500000e+02   6.9104439e-01   1.1521329e-16
  -1.6400000e+02   6.9134980e-01   0.0000000e+00
  -1.6300000e+02   6.8274109e-01   0.0000000e+00
  -1.6200000e+02   6.7742006e-01   2.3042658e-16
  -1.6100000e+02   6.8133039e-01   0.0000000e+00
  -1.6000000e+02   6.8805264e-01   1.1521329e-16
  -1.5900000e+02   6.7773071e-01   1.1521329e-16
  -1.5800000e+02   6.6789743e-01   1.1521329e-16
  -1.5700000e+02   7.0052625e-01   1.1521329e-16
  -1.5600000e+02   6.8865417e-01   2.3042658e-16
  -1.5500000e+02   7.0246548e-01   0.0000000e+00
  -1.5400000e+02   7.0267536e-01   2.3042658e-16
  -1.5300000e+02   6.9651357e-01   1.1521329e-16
  -1.5200000e+02   6.8909860e-01   1.1521329e-16
  -1.5100000e+02   6.8996681e-01   1.1521329e-16
  -1.5000000e+02   6.8575459e-01   1.1521329e-16
  -1.4900000e+02   6.9627354e-01   2.3042658e-16
  -1.4800000e+02   7.0660205e-01   1.1521329e-16
  -1.4700000e+02   7.0518358e-01   1.1521329e-16
  -1.4600000e+02   7.2535422e-01   1.1521329e-16
  -1.4500000e+02   7.3149810e-01   2.3042658e-16
  -1.4400000e+02   7.3753587e-01   0.0000000e+00
  -1.4300000e+02   7.4032679e-01   1.1521329e-16
  -1.4200000e+02   7.4712117e-01   2.3042658e-16
  -1.4100000e+02   7.4772218e-01   1.1521329e-16
  -1.4000000e+02   7.5353649e-01   0.0000000e+00
  -1.3900000e+02   7.5797573e-01   1.1521329e-16
  -1.3800000e+02   7.6068890e-01   1.1521329e-16
  -1.3700000e+02   7.5987129e-01   2.3042658e-16
  -1.3600000e+02   7.5807879e-01   0.0000000e+00
  -1.3500000e+02   7.5146342e-01   0.0000000e+00
  -1.3400000e+02   7.5147381e-01   1.1521329e-16
  -1.3300000e+02   7.5796957e-01   0.0000000e+00
  -1.3200000e+02   7.5257218e-01   0.0000000e+00
  -1.3100000e+02   7.4744454e-01   0.0000000e+00
  -1.3000000e+02   7.3768320e-01   0.0000000e+00
  -1.2900000e+02   7.3239767e-01   1.1521329e-16
  -1.2800000e+02   7.2657959e-01   2.3042658e-16
  -1.2700000e+02   7.1786695e-01   2.3042658e-16
  -1.2600000e+02   7.1848840e-01   2.3042658e-16
  -1.2500000e+02   7.2036659e-01   1.1521329e-16
  -1.2400000e+02   7.2624679e-01   1.1521329e-16
  -1.2300000e+02   7.3085266e-01   1.1521329e-16
  -1.2200000e+02   7.4301962e-01   0.0000000e+00
  -1.2100000e+02   7.4255628e-01   0.0000000e+00
  -1.2000000e+02   7.3799667e-01   2.3042658e-16
  -1.1900000e+02   7.3146958e-01   2.3042658e-16
  -1.1800000e+02   7.4207192e-01   1.1521329e-16
  -1.1700000e+02   7.4143392e-01   2.3042658e-16
  -1.1600000e+02   7.5419090e-01   0.0000000e+00
  -1.1500000e+02   7.5848481e-01   0.0000000e+00
  -1.1400000e+02   7.6029500e-01   1.1521329e-16
  -1.1300000e+02   7.6809189e-01   1.1521329e-16
  -1.1200000e+02   7.6763425e-01   0.0000000e+00
  -1.1100000e+02   7.6715045e-01   2.3042658e-16
  -1.1000000e+02   7.5769495e-01   2.3042658e-16
  -1.0900000e+02   7.4279720e-01   0.0000000e+00
  -1.0800000e+02   7.5413895e-01   0.0000000e+00
  -1.0700000e+02   7.3530502e-01   0.0000000e+00
  -1.0600000e+02   7.4009349e-01   0.0000000e+00
  -1.0500000e+02   7.2006174e-01   1.1521329e-16
  -1.0400000e+02   7.1670864e-01   0.0000000e+00
  -1.0300000e+02   7.1452109e-01   1.1521329e-16
  -1.0200000e+02   7.0686410e-01   1.1521329e-16
  -1.0100000e+02   6.9674072e-01   2.3042658e-16
  -1.0000000e+02   7.1265236e-01   2.3042658e-16
  -9.9000000e+01   7.2531436e-01   0.0000000e+00
  -9.8000000e+01   7.3355750e-01   0.0000000e+00
  -9.7000000e+01   7.3418615e-01   1.1521329e-16
  -9.6000000e+01   7.2789767e-01   1.1521329e-16
  -9.5000000e+01   7.3130234e-01   0.0000000e+00
  -9.4000000e+01   7.2417681e-01   1.1521329e-16
  -9.3000000e+01   7.3664287e-01   2.3042658e-16
  -9.2000000e+01   7.4458186e-01   2.3042658e-16
  -9.1000000e+01   7.4251933e-01   0.0000000e+00
  -9.0000000e+01   7.3302800e-01   1.1521329e-16
  -8.9000000e+01   7.3852511e-01   0.0000000e+00
  -8.8000000e+01   7.4981494e-01   2.3042658e-16
  -8.7000000e+01   7.5594278e-01   2.3042658e-16
  -8.6000000e+01   7.5231300e-01   1.1521329e-16
  -8.5000000e+01   7.4090230e-01   1.1521329e-16
  -8.4000000e+01   7.5291547e-01   1.1521329e-16
  -8.3000000e+01   7.3350691e-01   1.1521329e-16
  -8.2000000e+01   7.3080414e-01   0.0000000e+00
  -8.1000000e+01   7.3062720e-01   0.0000000e+00
  -8.0000000e+01   7.3613599e-01   1.1521329e-16
  -7.9000000e+01   7.6028674e-01   0.0000000e+00
  -7.8000000e+01   7.5728675e-01   1.1521329e-16
  -7.7000000e+01   7.5878405e-01   0.0000000e+00
  -7.6000000e+01   7.5975105e-01   1.1521329e-16
  -7.5000000e+01   7.5935180e-01   1.1521329e-16
  -7.4000000e+01   7.6053950e-01   0.0000000e+00
  -7.3000000e+01   7.5718315e-01   2.3042658e-16
  -7.2000000e+01   7.6206048e-01   0.0000000e+00
  -7.1000000e+01   7.6179860e-01   1.1521329e-16
  -7.0000000e+01   7.6352626e-01   0.0000000e+00
  -6.9000000e+01   7.6384437e-01   2.3042658e-16
  -6.8000000e+01   7.6078692e-01   0.0000000e+00
  -6.7000000e+01   7.5058561e-01   2.3042658e-16
  -6.6000000e+01   7.5457031e-01   0.0000000e+00
  -6.5000000e+01   7.5037570e-01   1.1521329e-16
  -6.4000000e+01   7.5118564e-01   0.0000000e+00
  -6.3000000e+01   7.4268948e-01   0.0000000e+00
  -6.2000000e+01   7.3832020e-01   1.1521329e-16
  -6.1000000e+01   7.2691283e-01   1.1521329e-16
  -6.0000000e+01   7.2474463e-01   0.0000000e+00
  -5.9000000e+01   7.1419197e-01   1.1521329e-16
  -5.8000000e+01   7.2544681e-01   2.3042658e-16
  -5.7000000e+01   7.3946906e-01   0.0000000e+00
  -5.6000000e+01   7.2686365e-01   1.1521329e-16
  -5.5000000e+01   7.2587519e-01   1.1521329e-16
  -5.4000000e+01   7.2577453e-01   1.1521329e-16
  -5.3000000e+01   7.1726235e-01   1.1521329e-16
  -5.2000000e+01   7.2744144e-01   2.3042658e-16
  -5.1000000e+01   7.2699259e-01   0.0000000e+00
  -5.0000000e+01   7.2457972e-01   2.3042658e-16
  -4.9000000e+01   7.2045254e-01   0.0000000e+00
  -4.8000000e+01   7.1979822e-01   2.3042658e-16
  -4.7000000e+01   7.0638218e-01   0.0000000e+00
  -4.6000000e+01   7.1181911e-01   1.1521329e-16
  -4.5000000e+01   6.9173486e-01   2.3042658e-16
  -4.4000000e+01   7.0078758e-01   2.3042658e-16
  -4.3000000e+01   7.0246480e-01   2.3042658e-16
  -4.2000000e+01   6.9944813e-01   0.0000000e+00
  -4.1000000e+01   6.9703189e-01   2.3042658e-16
  -4.0000000e+01   6.9408457e-01   2.3042658e-16
  -3.9000000e+01   6.7534775e-01   1.1521329e-16
  -3.8000000e+01   6.9044562e-01   0.0000000e+00
  -3.7000000e+01   7.0905820e-01   2.3042658e-16
  -3.6000000e+01   7.1643814e-01   0.0000000e+00
  -3.5000000e+01   7.1210290e-01   0.0000000e+00
  -3.4000000e+01   7.2609607e-01   1.1521329e-16
  -3.3000000e+01   7.5693828e-01   0.0000000e+00
  -3.2000000e+01   7.5762191e-01   0.0000000e+00
  -3.1000000e+01   7.7298104e-01   0.0000000e+00
  -3.0000000e+01   7.6862469e-01   2.3042658e-16
  -2.9000000e+01   7.6929546e-01   1.1521329e-16
  -2.8000000e+01   7.7498718e-01   0.0000000e+00
  -2.7000000e+01   7.7510929e-01   0.0000000e+00
  -2.6000000e+01   7.7431954e-01   1.1521329e-16
  -2.5000000e+01   7.7020530e-01   1.1521329e-16
  -2.4000000e+01   7.6342548e-01   1.1521329e-16
  -2.3000000e+01   7.5292974e-01   1.1521329e-16
  -2.2000000e+01   7.6485272e-01   0.0000000e+00
  -2.1000000e+01   7.5808033e-01   2.3042658e-16
  -2.0000000e+01   7.6207349e-01   2.3042658e-16
  -1.9000000e+01   7.4790192e-01   0.0000000e+00
  -1.8000000e+01   7.4892905e-01   0.0000000e+00
  -1.7000000e+01   7.3738957e-01   0.0000000e+00
  -1.6000000e+01   7.3776812e-01   2.3042658e-16
  -1.5000000e+01   7.3530235e-01   1.1521329e-16
  -1.4000000e+01   7.5476298e-01   0.0000000e+00
  -1.3000000e+01   7.5004136e-01   1.1521329e-16
  -1.2000000e+01   7.2612803e-01   2.3042658e-16
  -1.1000000e+01   7.7765985e-01   2.3042658e-16
  -1.0000000e+01   7.8541009e-01   0.0000000e+00
  -9.0000000e+00   7.8271568e-01   1.1521329e-16
  -8.0000000e+00   8.0441708e-01   2.3042658e-16
  -7.0000000e+00   7.8964267e-01   0.0000000e+00
  -6.0000000e+00   7.9308534e-01   0.0000000e+00
  -5.0000000e+00   8.0977524e-01   2.3042658e-16
  -4.0000000e+00   8.0329328e-01   2.3042658e-16
  -3.0000000e+00   8.0621209e-01   3.4563986e-16
  -2.0000000e+00   7.3579131e-01   2.3042658e-16
  -1.0000000e+00   6.6367562e-01   1.1521329e-16
   0.0000000e+00   6.7945803e-01   0.0000000e+00
   1.0000000e+00   7.3613331e-01   2.3042658e-16
   2.0000000e+00   8.3179041e-01   3.4563986e-16
   3.0000000e+00   8.9496977e-01   2.3042658e-16
   4.0000000e+00   9.2186182e-01   1.1521329e-16
   5.0000000e+00   9.3765230e-01   2.3042658e-16
   6.0000000e+00   9.4051707e-01   0.0000000e+00
   7.0000000e+00   9.4099301e-01   3.4563986e-16
   8.0000000e+00   9.4054407e-01   2.3042658e-16
   9.0000000e+00   9.4050159e-01   1.1521329e-16
   1.0000000e+01   9.4157192e-01   3.4563986e-16
   1.1000000e+01   9.4134955e-01   1.1521329e-16
   1.2000000e+01   9.4008458e-01   1.1521329e-16
   1.3000000e+01   9.4090807e-01   2.3042658e-16
   1.4000000e+01   9.4086988e-01   2.3042658e-16
   1.5000000e+01   9.4069568e-01   2.3042658e-16
   1.6000000e+01   9.4000289e-01   2.3042658e-16
   1.7000000e+01   9.4040559e-01   2.3042658e-16
   1.8000000e+01   9.4047509e-01   3.4563986e-16
   1.9000000e+01   9.4037284e-01   3.4563986e-16
   2.0000000e+01   9.4005479e-01   2.3042658e-16
   2.1000000e+01   9.3878053e-01   3.4563986e-16
   2.2000000e+01   9.3806875e-01   2.3042658e-16
   2.3000000e+01   9.3803977e-01   2.3042658e-16
   2.4000000e+01   9.3780072e-01   1.1521329e-16
   2.5000000e+01   9.3736457e-01   3.4563986e-16
   2.6000000e+01   9.3704879e-01   1.1521329e-16
   2.7000000e+01   9.3647990e-01   2.3042658e-16
   2.8000000e+01   9.3743238e-01   2.3042658e-16
   2.9000000e+01   9.3761659e-01   2.3042658e-16
   3.0000000e+01   9.3649055e-01   2.3042658e-16
   3.1000000e+01   9.3633678e-01   2.3042658e-16
   3.2000000e+01   9.3635575e-01   2.3042658e-16
   3.3000000e+01   9.3739084e-01   3.4563986e-16
   3.4000000e+01   9.3682036e-01   1.1521329e-16
   3.5000000e+01   9.3780508e-01   3.4563986e-16
   3.6000000e+01   9.3794148e-01   1.1521329e-16
   3.7000000e+01   9.3654467e-01   1.1521329e-16
   3.8000000e+01   9.3694231e-01   1.1521329e-16
   3.9000000e+01   9.3808239e-01   2.3042658e-16
   4.0000000e+01   9.3808492e-01   3.4563986e-16
   4.1000000e+01   9.3830154e-01   0.0000000e+00
   4.2000000e+01   9.3848238e-01   1.1521329e-16
   4.3000000e+01   9.3888359e-01   2.3042658e-16
   4.4000000e+01   9.3866998e-01   0.0000000e+00
   4.5000000e+01   9.3736404e-01   3.4563986e-16
   4.6000000e+01   9.3754443e-01   0.0000000e+00
   4.7000000e+01   9.3710502e-01   0.0000000e+00
   4.8000000e+01   9.3711135e-01   1.1521329e-16
   4.9000000e+01   9.3785547e-01   0.0000000e+00
   5.0000000e+01   9.3895203e-01   2.3042658e-16
   5.1000000e+01   9.3813070e-01   3.4563986e-16
   5.2000000e+01   9.3866723e-01   3.4563986e-16
   5.3000000e+01   9.3816288e-01   2.3042658e-16
   5.4000000e+01   9.3918295e-01   2.3042658e-16
   5.5000000e+01   9.3759680e-01   2.3042658e-16
   5.6000000e+01   9.3859810e-01   2.3042658e-16
   5.7000000e+01   9.3822097e-01   0.0000000e+00
   5.8000000e+01   9.4064622e-01   0.0000000e+00
   5.9000000e+01   9.4018456e-01   3.4563986e-16
   6.0000000e+01   9.4082905e-01   2.3042658e-16
   6.1000000e+01   9.4222440e-01   2.3042658e-16
   6.2000000e+01   9.4219112e-01   0.0000000e+00
   6.3000000e+01   9.4264164e-01   3.4563986e-16
   6.4000000e+01   9.4199754e-01   2.3042658e-16
   6.5000000e+01   9.4294042e-01   0.0000000e+00
   6.6000000e+01   9.4132099e-01   2.3042658e-16
   6.7000000e+01   9.4146185e-01   1.1521329e-16
   6.8000000e+01   9.4171733e-01   3.4563986e-16
   6.9000000e+01   9.4200465e-01   2.3042658e-16
   7.0000000e+01   9.4235834e-01   2.3042658e-16
   7.1000000e+01   9.4233296e-01   3.4563986e-16
   7.2000000e+01   9.4181637e-01   3.4563986e-16
   7.3000000e+01   9.4145292e-01   1.1521329e-16
   7.4000000e+01   9.4101961e-01   1.1521329e-16
   7.5000000e+01   9.4173429e-01   3.4563986e-16
   7.6000000e+01   9.4245017e-01   0.0000000e+00
   7.7000000e+01   9.4271288e-01   2.3042658e-16
   7.8000000e+01   9.4204791e-01   2.3042658e-16
   7.9000000e+01   9.4200698e-01   1.1521329e-16
   8.0000000e+01   9.4289632e-01   0.0000000e+00
   8.1000000e+01   9.4403991e-01   2.3042658e-16
   8.2000000e+01   9.4388184e-01   0.0000000e+00
   8.3000000e+01   9.4437457e-01   1.1521329e-16
   8.4000000e+01   9.4435257e-01   2.3042658e-16
   8.5000000e+01   9.4379980e-01   0.0000000e+00
   8.6000000e+01   9.4375195e-01   2.3042658e-16
   8.7000000e+01   9.4393180e-01   2.3042658e-16
   8.8000000e+01   9.4361227e-01   2.3042658e-16
   8.9000000e+01   9.4448149e-01   1.1521329e-16
   9.0000000e+01   9.4416430e-01   3.4563986e-16
   9.1000000e+01   9.4371512e-01   2.3042658e-16
   9.2000000e+01   9.4623407e-01   1.1521329e-16
   9.3000000e+01   9.4685968e-01   2.3042658e-16
   9.4000000e+01   9.4714676e-01   2.3042658e-16
   9.5000000e+01   9.4743078e-01   2.3042658e-16
   9.6000000e+01   9.4684349e-01   1.1521329e-16
   9.7000000e+01   9.4582616e-01   1.1521329e-16
   9.8000000e+01   9.3956305e-01   1.1521329e-16
   9.9000000e+01   9.1845902e-01   1.1521329e-16
   1.0000000e+02   8.7325614e-01   0.0000000e+00
   1.0100000e+02   7.9190764e-01   1.1521329e-16
   1.0200000e+02   7.2947985e-01   1.1521329e-16
   1.0300000e+02   7.1702064e-01   0.0000000e+00
   1.0400000e+02   6.9714229e-01   0.0000000e+00
   1.0500000e+02   7.7294315e-01   1.1521329e-16
   1.0600000e+02   7.6668309e-01   1.1521329e-16
   1.0700000e+02   8.4954755e-01   0.0000000e+00
   1.0800000e+02   8.1778710e-01   2.3042658e-16
   1.0900000e+02   8.1443075e-01   0.0000000e+00
   1.1000000e+02   8.0028328e-01   0.0000000e+00
   1.1100000e+02   7.7837917e-01   1.1521329e-16
   1.1200000e+02   7.1721818e-01   2.3042658e-16
   1.1300000e+02   7.3117602e-01   0.0000000e+00
   1.1400000e+02   7.1103212e-01   1.1521329e-16
   1.1500000e+02   6.7426775e-01   2.3042658e-16
   1.1600000e+02   6.9743465e-01   1.1521329e-16
   1.1700000e+02   6.7354036e-01   0.0000000e+00
   1.1800000e+02   6.5694344e-01   1.1521329e-16
   1.1900000e+02   6.4112434e-01   1.1521329e-16
   1.2000000e+02   6.1271011e-01   2.3042658e-16
