   0.0000000e+00   0.0000000e+00   0.0000000e+00
   1.0000000e+00   0.0000000e+00   0.0000000e+00
   2.0000000e+00   0.0000000e+00   0.0000000e+00
   3.0000000e+00   0.0000000e+00   0.0000000e+00
   4.0000000e+00   0.0000000e+00   0.0000000e+00
   5.0000000e+00   0.0000000e+00   0.0000000e+00
   6.0000000e+00   0.0000000e+00   0.0000000e+00
   7.0000000e+00   0.0000000e+00   0.0000000e+00
   8.0000000e+00   0.0000000e+00   0.0000000e+00
   9.0000000e+00   0.0000000e+00   0.0000000e+00
   1.0000000e+01   0.0000000e+00   0.0000000e+00
   1.1000000e+01   0.0000000e+00   0.0000000e+00
   1.2000000e+01   0.0000000e+00   0.0000000e+00
   1.3000000e+01   0.0000000e+00   0.0000000e+00
   1.4000000e+01   0.0000000e+00   0.0000000e+00
   1.5000000e+01   0.0000000e+00   0.0000000e+00
   1.6000000e+01   0.0000000e+00   0.0000000e+00
   1.7000000e+01   0.0000000e+00   0.0000000e+00
   1.8000000e+01   0.0000000e+00   0.0000000e+00
   1.9000000e+01   0.0000000e+00   0.0000000e+00
   2.0000000e+01   0.0000000e+00   0.0000000e+00
   2.1000000e+01   0.0000000e+00   0.0000000e+00
   2.2000000e+01   0.0000000e+00   0.0000000e+00
   2.3000000e+01   0.0000000e+00   0.0000000e+00
   2.4000000e+01   0.0000000e+00   0.0000000e+00
   2.5000000e+01   0.0000000e+00   0.0000000e+00
   2.6000000e+01   0.0000000e+00   0.0000000e+00
   2.7000000e+01   0.0000000e+00   0.0000000e+00
   2.8000000e+01   0.0000000e+00   0.0000000e+00
   2.9000000e+01   0.0000000e+00   0.0000000e+00
   3.0000000e+01   0.0000000e+00   0.0000000e+00
   3.1000000e+01   0.0000000e+00   0.0000000e+00
   3.2000000e+01   0.0000000e+00   0.0000000e+00
   3.3000000e+01   0.0000000e+00   0.0000000e+00
   3.4000000e+01   0.0000000e+00   0.0000000e+00
   3.5000000e+01   0.0000000e+00   0.0000000e+00
   3.6000000e+01   0.0000000e+00   0.0000000e+00
   3.7000000e+01   0.0000000e+00   0.0000000e+00
   3.8000000e+01   0.0000000e+00   0.0000000e+00
   3.9000000e+01   0.0000000e+00   0.0000000e+00
   4.0000000e+01   0.0000000e+00   0.0000000e+00
   4.1000000e+01   0.0000000e+00   0.0000000e+00
   4.2000000e+01   0.0000000e+00   0.0000000e+00
   4.3000000e+01   0.0000000e+00   0.0000000e+00
   4.4000000e+01   0.0000000e+00   0.0000000e+00
   4.5000000e+01   0.0000000e+00   0.0000000e+00
   4.6000000e+01   0.0000000e+00   0.0000000e+00
   4.7000000e+01   0.0000000e+00   0.0000000e+00
   4.8000000e+01   0.0000000e+00   0.0000000e+00
   4.9000000e+01   0.0000000e+00   0.0000000e+00
   5.0000000e+01   0.0000000e+00   0.0000000e+00
   5.1000000e+01   0.0000000e+00   0.0000000e+00
   5.2000000e+01   0.0000000e+00   0.0000000e+00
   5.3000000e+01   0.0000000e+00   0.0000000e+00
   5.4000000e+01   0.0000000e+00   0.0000000e+00
   5.5000000e+01   0.0000000e+00   0.0000000e+00
   5.6000000e+01   0.0000000e+00   0.0000000e+00
   5.7000000e+01   0.0000000e+00   0.0000000e+00
   5.8000000e+01   0.0000000e+00   0.0000000e+00
   5.9000000e+01   0.0000000e+00   0.0000000e+00
   6.0000000e+01   0.0000000e+00   0.0000000e+00
   6.1000000e+01   0.0000000e+00   0.0000000e+00
   6.2000000e+01   0.0000000e+00   0.0000000e+00
   6.3000000e+01   0.0000000e+00   0.0000000e+00
   6.4000000e+01   0.0000000e+00   0.0000000e+00
   6.5000000e+01   0.0000000e+00   0.0000000e+00
   6.6000000e+01   0.0000000e+00   0.0000000e+00
   6.7000000e+01   0.0000000e+00   0.0000000e+00
   6.8000000e+01   0.0000000e+00   0.0000000e+00
   6.9000000e+01   0.0000000e+00   0.0000000e+00
   7.0000000e+01   0.0000000e+00   0.0000000e+00
   7.1000000e+01   0.0000000e+00   0.0000000e+00
   7.2000000e+01   0.0000000e+00   0.0000000e+00
   7.3000000e+01   0.0000000e+00   0.0000000e+00
   7.4000000e+01   0.0000000e+00   0.0000000e+00
   7.5000000e+01   0.0000000e+00   0.0000000e+00
   7.6000000e+01   0.0000000e+00   0.0000000e+00
   7.7000000e+01   0.0000000e+00   0.0000000e+00
   7.8000000e+01   0.0000000e+00   0.0000000e+00
   7.9000000e+01   0.0000000e+00   0.0000000e+00
   8.0000000e+01   0.0000000e+00   0.0000000e+00
   8.1000000e+01   0.0000000e+00   0.0000000e+00
   8.2000000e+01   0.0000000e+00   0.0000000e+00
   8.3000000e+01   0.0000000e+00   0.0000000e+00
   8.4000000e+01   0.0000000e+00   0.0000000e+00
   8.5000000e+01   0.0000000e+00   0.0000000e+00
   8.6000000e+01   0.0000000e+00   0.0000000e+00
   8.7000000e+01   0.0000000e+00   0.0000000e+00
   8.8000000e+01   0.0000000e+00   0.0000000e+00
   8.9000000e+01   0.0000000e+00   0.0000000e+00
   9.0000000e+01   0.0000000e+00   0.0000000e+00
   9.1000000e+01   0.0000000e+00   0.0000000e+00
   9.2000000e+01   0.0000000e+00   0.0000000e+00
   9.3000000e+01   0.0000000e+00   0.0000000e+00
   9.4000000e+01   0.0000000e+00   0.0000000e+00
   9.5000000e+01   0.0000000e+00   0.0000000e+00
   9.6000000e+01   0.0000000e+00   0.0000000e+00
   9.7000000e+01   0.0000000e+00   0.0000000e+00
   9.8000000e+01   0.0000000e+00   0.0000000e+00
   9.9000000e+01   0.0000000e+00   0.0000000e+00
   1.0000000e+02   2.4945658e-03   4.1402735e-02
   1.0100000e+02   4.3735209e-02   1.0407317e-01
   1.0200000e+02   4.0784851e-02   1.0322754e-01
   1.0300000e+02   3.8461090e-02   1.0647948e-01
   1.0400000e+02   4.2001778e-02   1.0304688e-01
   1.0500000e+02   4.2946032e-02   1.0194672e-01
   1.0600000e+02   4.4203046e-02   1.0157107e-01
   1.0700000e+02   4.1931735e-02   1.0308221e-01
   1.0800000e+02   4.3426632e-02   1.0330786e-01
   1.0900000e+02   4.3903284e-02   1.0023213e-01
   1.1000000e+02   4.3459692e-02   9.8164351e-02
   1.1100000e+02   4.4183088e-02   9.7828122e-02
   1.1200000e+02   4.4498036e-02   9.8309588e-02
   1.1300000e+02   4.6252503e-02   1.0226999e-01
   1.1400000e+02   4.9823869e-02   1.0335939e-01
   1.1500000e+02   5.4186504e-02   1.0377325e-01
   1.1600000e+02   5.7395634e-02   1.0120409e-01
   1.1700000e+02   6.0332569e-02   1.0186513e-01
   1.1800000e+02   6.1076221e-02   1.0416588e-01
   1.1900000e+02   5.8486146e-02   1.0501404e-01
   1.2000000e+02   5.7167940e-02   1.0393719e-01
   1.2100000e+02   5.3033814e-02   1.0542593e-01
   1.2200000e+02   5.1651555e-02   1.0343991e-01
   1.2300000e+02   5.3846329e-02   1.0627902e-01
   1.2400000e+02   5.5705120e-02   1.0814060e-01
   1.2500000e+02   5.3828121e-02   1.1145888e-01
   1.2600000e+02   5.3726101e-02   1.1500062e-01
   1.2700000e+02   4.8807055e-02   1.1791599e-01
   1.2800000e+02   4.5201676e-02   1.2199839e-01
   1.2900000e+02   4.2313209e-02   1.2167697e-01
   1.3000000e+02   4.3234554e-02   1.2080146e-01
   1.3100000e+02   4.2561169e-02   1.1980634e-01
   1.3200000e+02   4.5788318e-02   1.1844783e-01
   1.3300000e+02   4.4710056e-02   1.1842650e-01
   1.3400000e+02   4.1400529e-02   1.1666589e-01
   1.3500000e+02   4.4683705e-02   1.1664643e-01
   1.3600000e+02   4.4510997e-02   1.1679196e-01
   1.3700000e+02   4.2922058e-02   1.1617061e-01
   1.3800000e+02   4.5690447e-02   1.1602516e-01
   1.3900000e+02   4.3753439e-02   1.1288702e-01
   1.4000000e+02   4.0981014e-02   1.1673347e-01
   1.4100000e+02   4.4868736e-02   1.1778829e-01
   1.4200000e+02   4.7748957e-02   1.1795219e-01
   1.4300000e+02   4.7799469e-02   1.1592653e-01
   1.4400000e+02   4.9034040e-02   1.1450525e-01
   1.4500000e+02   5.0519070e-02   1.1275730e-01
   1.4600000e+02   4.9511598e-02   1.0954700e-01
   1.4700000e+02   4.8977286e-02   1.0733150e-01
   1.4800000e+02   4.6546930e-02   1.0730288e-01
   1.4900000e+02   4.5776915e-02   1.0724151e-01
   1.5000000e+02   4.6288180e-02   1.0982190e-01
   1.5100000e+02   4.4913458e-02   1.1349863e-01
   1.5200000e+02   4.6579825e-02   1.1385840e-01
   1.5300000e+02   4.6479232e-02   1.1196214e-01
   1.5400000e+02   4.9993021e-02   1.1102499e-01
   1.5500000e+02   5.0367813e-02   1.1326479e-01
   1.5600000e+02   5.3550348e-02   1.1712628e-01
   1.5700000e+02   5.4849303e-02   1.1510660e-01
   1.5800000e+02   5.4726046e-02   1.1536589e-01
   1.5900000e+02   5.3357724e-02   1.1495347e-01
   1.6000000e+02   5.1656006e-02   1.1366277e-01
   1.6100000e+02   5.3391780e-02   1.0869099e-01
   1.6200000e+02   5.4241860e-02   1.0909912e-01
   1.6300000e+02   5.3327939e-02   1.0872177e-01
   1.6400000e+02   5.2218650e-02   1.0463983e-01
   1.6500000e+02   5.6625449e-02   1.0158971e-01
   1.6600000e+02   6.0443101e-02   1.0103709e-01
   1.6700000e+02   6.4038791e-02   9.7048776e-02
   1.6800000e+02   6.0326625e-02   1.0050386e-01
   1.6900000e+02   6.0629391e-02   1.0117171e-01
   1.7000000e+02   6.1875871e-02   1.0179871e-01
   1.7100000e+02   6.5598434e-02   9.8945546e-02
   1.7200000e+02   6.5143154e-02   9.7107275e-02
   1.7300000e+02   6.5823349e-02   9.6253753e-02
   1.7400000e+02   6.5670125e-02   9.6049914e-02
   1.7500000e+02   6.4539890e-02   1.0025482e-01
   1.7600000e+02   6.6122203e-02   1.0126174e-01
   1.7700000e+02   6.5718365e-02   1.0227234e-01
   1.7800000e+02   6.3385507e-02   1.0458337e-01
   1.7900000e+02   6.4170448e-02   1.0276196e-01
   1.8000000e+02   6.3347803e-02   1.0339227e-01
   1.8100000e+02   6.2808811e-02   1.0303420e-01
   1.8200000e+02   6.2874162e-02   1.0563701e-01
   1.8300000e+02   6.4143668e-02   1.0816785e-01
   1.8400000e+02   6.2652935e-02   1.0943591e-01
   1.8500000e+02   6.1757331e-02   1.1142268e-01
   1.8600000e+02   6.6349814e-02   1.1472056e-01
   1.8700000e+02   6.7544807e-02   1.1273721e-01
   1.8800000e+02   6.4150912e-02   1.1326869e-01
   1.8900000e+02   6.0817241e-02   1.1074841e-01
   1.9000000e+02   5.6055657e-02   1.1292168e-01
   1.9100000e+02   5.7578825e-02   1.1511951e-01
   1.9200000e+02   5.8436851e-02   1.1510215e-01
   1.9300000e+02   5.9277463e-02   1.1614869e-01
   1.9400000e+02   5.7176186e-02   1.1392565e-01
   1.9500000e+02   5.5432696e-02   1.1432483e-01
   1.9600000e+02   6.0946893e-02   1.0841831e-01
   1.9700000e+02   6.4926210e-02   1.0865836e-01
   1.9800000e+02   6.4849996e-02   1.0949442e-01
   1.9900000e+02   6.3705049e-02   1.1067941e-01
   2.0000000e+02   6.5160667e-02   1.1059436e-01
   2.0100000e+02   6.2244214e-02   1.1218034e-01
   2.0200000e+02   6.3111578e-02   1.1222438e-01
   2.0300000e+02   5.9724542e-02   1.1179249e-01
   2.0400000e+02   5.7547995e-02   1.1231472e-01
   2.0500000e+02   5.8348837e-02   1.1051002e-01
   2.0600000e+02   5.9561825e-02   1.0859268e-01
   2.0700000e+02   6.1970389e-02   1.0685661e-01
   2.0800000e+02   5.9787524e-02   1.0715716e-01
   2.0900000e+02   5.8226473e-02   1.0548829e-01
   2.1000000e+02   5.5826335e-02   1.0583368e-01
   2.1100000e+02   5.2782414e-02   1.0464811e-01
   2.1200000e+02   4.9950648e-02   1.0354288e-01
   2.1300000e+02   5.0067458e-02   1.0422063e-01
   2.1400000e+02   4.8529704e-02   1.0417040e-01
   2.1500000e+02   4.6816017e-02   1.0598424e-01
   2.1600000e+02   5.0734419e-02   1.0664828e-01
   2.1700000e+02   5.1096565e-02   1.0464879e-01
   2.1800000e+02   5.2768169e-02   1.0596958e-01
   2.1900000e+02   5.4336523e-02   1.0666530e-01
   2.2000000e+02   5.6448581e-02   1.0915824e-01
   2.2100000e+02   5.8017448e-02   1.1170529e-01
   2.2200000e+02   5.6355695e-02   1.0930509e-01
   2.2300000e+02   5.5825145e-02   1.0712995e-01
   2.2400000e+02   5.5120127e-02   1.0342740e-01
   2.2500000e+02   5.7603065e-02   1.0729217e-01
   2.2600000e+02   5.7104844e-02   1.1011378e-01
   2.2700000e+02   5.5927863e-02   1.0918182e-01
   2.2800000e+02   5.4733832e-02   1.0592232e-01
   2.2900000e+02   5.7324718e-02   1.0910419e-01
   2.3000000e+02   5.3847839e-02   1.0650253e-01
   2.3100000e+02   5.5052763e-02   1.0546096e-01
   2.3200000e+02   5.7338486e-02   1.0502258e-01
   2.3300000e+02   6.2811055e-02   9.8924592e-02
   2.3400000e+02   6.3208869e-02   9.8114842e-02
   2.3500000e+02   6.4874085e-02   9.6082567e-02
   2.3600000e+02   6.6962409e-02   9.8264093e-02
   2.3700000e+02   6.7436224e-02   1.0148669e-01
   2.3800000e+02   6.3063274e-02   9.8941400e-02
   2.3900000e+02   6.3994962e-02   9.4639860e-02
   2.4000000e+02   6.0449040e-02   9.6334660e-02
   2.4100000e+02   5.9420817e-02   9.2634283e-02
   2.4200000e+02   5.9096588e-02   9.3776151e-02
   2.4300000e+02   5.8777583e-02   9.4456395e-02
   2.4400000e+02   6.0316081e-02   9.6517102e-02
   2.4500000e+02   6.3673339e-02   9.9638393e-02
   2.4600000e+02   6.4395423e-02   1.0101367e-01
   2.4700000e+02   6.5137569e-02   9.9357242e-02
   2.4800000e+02   6.6569477e-02   1.0006580e-01
   2.4900000e+02   6.7209318e-02   1.0341203e-01
   2.5000000e+02   6.7139684e-02   1.0292689e-01
   2.5100000e+02   6.9602663e-02   1.0158664e-01
   2.5200000e+02   6.7119847e-02   1.0278601e-01
   2.5300000e+02   6.6163547e-02   1.0434262e-01
   2.5400000e+02   6.5582352e-02   1.0294089e-01
   2.5500000e+02   6.8410273e-02   1.0322824e-01
   2.5600000e+02   6.6883088e-02   1.0090747e-01
   2.5700000e+02   6.8204743e-02   1.0614142e-01
   2.5800000e+02   7.0687442e-02   1.0625591e-01
   2.5900000e+02   7.5854603e-02   1.0698172e-01
   2.6000000e+02   7.5781084e-02   1.0561281e-01
   2.6100000e+02   7.4960763e-02   1.0686544e-01
   2.6200000e+02   7.4688622e-02   1.1041776e-01
   2.6300000e+02   7.4348582e-02   1.0873958e-01
   2.6400000e+02   7.4566863e-02   1.0898745e-01
   2.6500000e+02   7.0390315e-02   1.1074275e-01
   2.6600000e+02   7.1391514e-02   1.0809504e-01
   2.6700000e+02   7.1313965e-02   1.1057149e-01
   2.6800000e+02   6.9930326e-02   1.0620585e-01
   2.6900000e+02   6.9563807e-02   1.0554714e-01
   2.7000000e+02   7.2699832e-02   1.0732351e-01
   2.7100000e+02   7.1472614e-02   1.0869906e-01
   2.7200000e+02   6.9295734e-02   1.1174631e-01
   2.7300000e+02   6.6804235e-02   1.1530594e-01
   2.7400000e+02   6.9964155e-02   1.1490611e-01
   2.7500000e+02   7.3958012e-02   1.1466470e-01
   2.7600000e+02   7.7373964e-02   1.1400939e-01
   2.7700000e+02   7.7880031e-02   1.1150638e-01
   2.7800000e+02   7.7444280e-02   1.1471692e-01
   2.7900000e+02   7.4450256e-02   1.1692351e-01
   2.8000000e+02   7.2732426e-02   1.1621709e-01
   2.8100000e+02   7.1168392e-02   1.1418947e-01
   2.8200000e+02   6.8247446e-02   1.1280833e-01
   2.8300000e+02   6.9232618e-02   1.1051606e-01
   2.8400000e+02   7.0030875e-02   1.0769920e-01
   2.8500000e+02   7.0358871e-02   1.0649629e-01
   2.8600000e+02   6.9370428e-02   1.0526902e-01
   2.8700000e+02   6.6654543e-02   1.0273342e-01
   2.8800000e+02   6.8474675e-02   1.0268134e-01
   2.8900000e+02   6.7323686e-02   1.0500148e-01
   2.9000000e+02   6.5406773e-02   1.0929879e-01
   2.9100000e+02   6.1886615e-02   1.0872530e-01
   2.9200000e+02   6.1884458e-02   1.1114940e-01
   2.9300000e+02   6.2889361e-02   1.0953113e-01
   2.9400000e+02   6.2459218e-02   1.0749692e-01
   2.9500000e+02   6.1411226e-02   1.0802312e-01
   2.9600000e+02   5.9556173e-02   1.0669882e-01
   2.9700000e+02   5.8756637e-02   1.0643135e-01
   2.9800000e+02   6.0453656e-02   1.0413805e-01
   2.9900000e+02   6.1607775e-02   1.0588688e-01
   3.0000000e+02   5.8820241e-02   1.0557012e-01
   3.0100000e+02   6.0905132e-02   1.0638939e-01
   3.0200000e+02   6.1988822e-02   1.0612860e-01
   3.0300000e+02   6.2088340e-02   1.0500106e-01
   3.0400000e+02   6.1023004e-02   1.0507610e-01
   3.0500000e+02   5.8246740e-02   1.0612680e-01
   3.0600000e+02   6.4286199e-02   1.0812110e-01
   3.0700000e+02   6.7520204e-02   1.0920384e-01
   3.0800000e+02   6.6682220e-02   1.1166660e-01
   3.0900000e+02   6.3503189e-02   1.1181287e-01
   3.1000000e+02   6.1926315e-02   1.0868863e-01
   3.1100000e+02   6.2420713e-02   1.0378720e-01
   3.1200000e+02   6.6813040e-02   1.0439095e-01
   3.1300000e+02   6.7157542e-02   9.9980250e-02
   3.1400000e+02   6.6567480e-02   1.0205444e-01
   3.1500000e+02   6.5451519e-02   9.8531236e-02
   3.1600000e+02   6.1418782e-02   9.7771693e-02
   3.1700000e+02   6.1906070e-02   9.6079012e-02
   3.1800000e+02   6.1278356e-02   9.4790856e-02
   3.1900000e+02   5.8848741e-02   9.5951847e-02
   3.2000000e+02   5.7959958e-02   9.8488193e-02
   3.2100000e+02   5.7867121e-02   9.7671044e-02
   3.2200000e+02   5.9468608e-02   9.6482170e-02
   3.2300000e+02   6.0967374e-02   9.3875614e-02
   3.2400000e+02   6.3944269e-02   9.3327574e-02
   3.2500000e+02   6.7669145e-02   9.2836780e-02
   3.2600000e+02   6.9509630e-02   9.3299811e-02
   3.2700000e+02   6.5316786e-02   9.4262885e-02
   3.2800000e+02   6.2957069e-02   9.3295005e-02
   3.2900000e+02   6.1667596e-02   9.5100640e-02
   3.3000000e+02   6.3660960e-02   9.6399975e-02
   3.3100000e+02   6.8810004e-02   9.8526115e-02
   3.3200000e+02   7.1728384e-02   9.6542245e-02
   3.3300000e+02   7.2722587e-02   9.8397494e-02
   3.3400000e+02   7.2289122e-02   1.0104173e-01
   3.3500000e+02   7.2674840e-02   1.0199618e-01
   3.3600000e+02   7.2719957e-02   1.0197060e-01
   3.3700000e+02   7.5981044e-02   9.9275232e-02
   3.3800000e+02   7.8223802e-02   9.6711087e-02
   3.3900000e+02   7.6402147e-02   9.7937045e-02
   3.4000000e+02   8.0343451e-02   9.9217158e-02
   3.4100000e+02   8.0837983e-02   9.5329575e-02
   3.4200000e+02   8.3854718e-02   9.5598209e-02
   3.4300000e+02   8.4512659e-02   9.5453846e-02
   3.4400000e+02   8.5066109e-02   9.7412514e-02
   3.4500000e+02   8.4452296e-02   9.3190571e-02
   3.4600000e+02   8.4240365e-02   9.0653579e-02
   3.4700000e+02   8.1653887e-02   9.1559319e-02
   3.4800000e+02   7.8386359e-02   9.0146069e-02
   3.4900000e+02   7.8845068e-02   9.0014958e-02
   3.5000000e+02   8.0536382e-02   8.8348199e-02
   3.5100000e+02   8.0641105e-02   9.3841976e-02
   3.5200000e+02   8.5124258e-02   9.4231662e-02
   3.5300000e+02   9.0670443e-02   9.3683930e-02
   3.5400000e+02   9.1805189e-02   9.6237831e-02
   3.5500000e+02   9.0336886e-02   9.1216533e-02
   3.5600000e+02   9.2168759e-02   9.0183081e-02
   3.5700000e+02   9.2597516e-02   9.0100810e-02
   3.5800000e+02   9.3024761e-02   8.9063138e-02
   3.5900000e+02   9.1971805e-02   8.8083749e-02
   3.6000000e+02   8.7318627e-02   8.3933286e-02
   3.6100000e+02   8.5558732e-02   8.4972182e-02
   3.6200000e+02   8.6371516e-02   8.8480681e-02
   3.6300000e+02   8.5537819e-02   8.9911186e-02
   3.6400000e+02   8.1306952e-02   8.8641329e-02
   3.6500000e+02   8.0838237e-02   8.9842759e-02
   3.6600000e+02   8.2416636e-02   8.7195538e-02
   3.6700000e+02   8.4247839e-02   8.2076699e-02
   3.6800000e+02   8.5335931e-02   8.0634065e-02
   3.6900000e+02   8.5167184e-02   7.9258274e-02
   3.7000000e+02   8.3401252e-02   7.8611383e-02
   3.7100000e+02   8.4250299e-02   7.5069813e-02
   3.7200000e+02   8.3433296e-02   7.5470104e-02
   3.7300000e+02   8.5680125e-02   7.6338678e-02
   3.7400000e+02   8.7629597e-02   7.5219135e-02
   3.7500000e+02   8.5662004e-02   7.6559410e-02
   3.7600000e+02   8.3286144e-02   7.9276830e-02
   3.7700000e+02   8.2194309e-02   7.9386075e-02
   3.7800000e+02   8.2138718e-02   7.7495586e-02
   3.7900000e+02   8.0265398e-02   7.8891799e-02
   3.8000000e+02   8.1586911e-02   7.7236369e-02
   3.8100000e+02   8.2282720e-02   7.7273915e-02
   3.8200000e+02   8.1579802e-02   8.3342513e-02
   3.8300000e+02   8.1466819e-02   8.2575501e-02
   3.8400000e+02   7.9675865e-02   8.5315341e-02
   3.8500000e+02   8.1190098e-02   8.5632141e-02
   3.8600000e+02   8.0828052e-02   8.1943754e-02
   3.8700000e+02   8.1074727e-02   8.4274672e-02
   3.8800000e+02   7.8858903e-02   8.5369300e-02
   3.8900000e+02   7.9814935e-02   8.7539897e-02
   3.9000000e+02   7.8233789e-02   8.6483090e-02
   3.9100000e+02   8.1221336e-02   8.7381283e-02
   3.9200000e+02   8.1542850e-02   8.8305442e-02
   3.9300000e+02   8.3920168e-02   8.9603401e-02
   3.9400000e+02   7.8784437e-02   9.2423153e-02
   3.9500000e+02   7.8255105e-02   9.1283093e-02
   3.9600000e+02   7.8088460e-02   9.2667870e-02
   3.9700000e+02   8.0013815e-02   9.5882016e-02
   3.9800000e+02   8.0781175e-02   9.8194235e-02
   3.9900000e+02   7.9904309e-02   9.7929208e-02
   4.0000000e+02   7.8866368e-02   1.0207352e-01
   4.0100000e+02   7.6094832e-02   1.0294445e-01
   4.0200000e+02   7.8215417e-02   1.0439558e-01
   4.0300000e+02   8.0803557e-02   1.0676229e-01
   4.0400000e+02   8.0426468e-02   1.0562264e-01
   4.0500000e+02   8.2753450e-02   1.0358141e-01
   4.0600000e+02   8.3237713e-02   1.0540125e-01
   4.0700000e+02   7.9828797e-02   1.0639669e-01
   4.0800000e+02   7.9204160e-02   1.0542631e-01
   4.0900000e+02   7.9117067e-02   1.0687449e-01
   4.1000000e+02   7.8355582e-02   1.0755623e-01
   4.1100000e+02   7.7573269e-02   1.0664977e-01
   4.1200000e+02   7.6608445e-02   1.0647923e-01
   4.1300000e+02   7.7051211e-02   1.0516183e-01
   4.1400000e+02   8.0254574e-02   1.0762866e-01
   4.1500000e+02   8.0762392e-02   1.0654948e-01
   4.1600000e+02   8.2024447e-02   1.0697626e-01
   4.1700000e+02   8.2251611e-02   1.0736813e-01
   4.1800000e+02   7.9398161e-02   1.1119600e-01
   4.1900000e+02   7.7921448e-02   1.1193150e-01
   4.2000000e+02   7.5325425e-02   1.1066681e-01
   4.2100000e+02   7.5664642e-02   1.1215099e-01
   4.2200000e+02   7.5655774e-02   1.1030299e-01
   4.2300000e+02   7.4040013e-02   1.0939069e-01
   4.2400000e+02   7.5421586e-02   1.0969683e-01
   4.2500000e+02   7.2532967e-02   1.1052147e-01
   4.2600000e+02   7.0112994e-02   1.1037575e-01
   4.2700000e+02   7.0750602e-02   1.1029963e-01
   4.2800000e+02   7.0205191e-02   1.1147444e-01
   4.2900000e+02   6.6535272e-02   1.1107747e-01
   4.3000000e+02   6.7965796e-02   1.1559271e-01
   4.3100000e+02   6.6709832e-02   1.1630016e-01
   4.3200000e+02   6.2988648e-02   1.1607299e-01
   4.3300000e+02   6.3825960e-02   1.1330126e-01
   4.3400000e+02   6.1074492e-02   1.1134374e-01
   4.3500000e+02   5.9974661e-02   1.1322859e-01
   4.3600000e+02   5.7322587e-02   1.1454367e-01
   4.3700000e+02   5.5204685e-02   1.1748084e-01
   4.3800000e+02   5.5803194e-02   1.1841863e-01
   4.3900000e+02   5.9176586e-02   1.1665253e-01
   4.4000000e+02   6.0359744e-02   1.2020851e-01
   4.4100000e+02   6.1266454e-02   1.2016319e-01
   4.4200000e+02   6.2106117e-02   1.1946794e-01
   4.4300000e+02   6.2946837e-02   1.1851642e-01
   4.4400000e+02   6.3969683e-02   1.1962370e-01
   4.4500000e+02   6.2713584e-02   1.1845417e-01
   4.4600000e+02   6.1738696e-02   1.1857468e-01
   4.4700000e+02   6.2811054e-02   1.1815692e-01
   4.4800000e+02   6.4433441e-02   1.1462523e-01
   4.4900000e+02   6.2742026e-02   1.1211348e-01
   4.5000000e+02   6.3597990e-02   1.1478378e-01
   4.5100000e+02   6.3369924e-02   1.1667162e-01
   4.5200000e+02   6.2363237e-02   1.1730914e-01
   4.5300000e+02   6.2392724e-02   1.1395999e-01
   4.5400000e+02   6.1128258e-02   1.1215710e-01
   4.5500000e+02   6.3869237e-02   1.1721872e-01
   4.5600000e+02   6.4620518e-02   1.1537885e-01
   4.5700000e+02   6.7632427e-02   1.1539820e-01
   4.5800000e+02   6.5425443e-02   1.1529220e-01
   4.5900000e+02   6.5756293e-02   1.1348342e-01
   4.6000000e+02   6.9062281e-02   1.1323056e-01
   4.6100000e+02   7.2270130e-02   1.1377279e-01
   4.6200000e+02   7.2851410e-02   1.0989742e-01
   4.6300000e+02   7.1805928e-02   1.0423886e-01
   4.6400000e+02   7.0996338e-02   1.0199155e-01
   4.6500000e+02   7.3414263e-02   1.0015674e-01
   4.6600000e+02   7.5380624e-02   9.8999243e-02
   4.6700000e+02   7.7003486e-02   9.6769059e-02
   4.6800000e+02   7.6195424e-02   9.6743545e-02
   4.6900000e+02   7.4481864e-02   9.5980182e-02
   4.7000000e+02   7.2508965e-02   9.6362600e-02
   4.7100000e+02   7.5668716e-02   9.4987083e-02
   4.7200000e+02   7.6567791e-02   9.3692852e-02
   4.7300000e+02   7.6622625e-02   9.4833764e-02
   4.7400000e+02   7.8132466e-02   9.5996825e-02
   4.7500000e+02   8.1090422e-02   9.6947593e-02
   4.7600000e+02   7.9080617e-02   9.5587630e-02
   4.7700000e+02   7.9365629e-02   9.8552121e-02
   4.7800000e+02   7.6270933e-02   9.8717734e-02
   4.7900000e+02   7.3816689e-02   1.0143401e-01
   4.8000000e+02   7.3719733e-02   1.0097595e-01
   4.8100000e+02   7.4592500e-02   9.8252561e-02
   4.8200000e+02   7.8916699e-02   1.0035083e-01
   4.8300000e+02   8.0874236e-02   9.9704623e-02
   4.8400000e+02   8.1148993e-02   9.9287832e-02
   4.8500000e+02   8.2087220e-02   9.8630926e-02
   4.8600000e+02   8.5129437e-02   9.9946037e-02
   4.8700000e+02   8.2805485e-02   1.0122098e-01
   4.8800000e+02   8.5495669e-02   1.0078861e-01
   4.8900000e+02   8.0435776e-02   1.0314375e-01
   4.9000000e+02   8.1397643e-02   1.0150017e-01
   4.9100000e+02   7.7720490e-02   9.9667105e-02
   4.9200000e+02   7.9664767e-02   9.9110903e-02
   4.9300000e+02   7.6284626e-02   1.0210207e-01
   4.9400000e+02   7.5670231e-02   9.9648492e-02
   4.9500000e+02   7.4548734e-02   1.0043460e-01
   4.9600000e+02   7.7302918e-02   1.0209955e-01
   4.9700000e+02   7.7966076e-02   1.0172556e-01
   4.9800000e+02   8.0377418e-02   1.0515843e-01
   4.9900000e+02   7.9779396e-02   1.0763053e-01
   5.0000000e+02   7.6457282e-02   1.0757706e-01
   5.0100000e+02   8.0225494e-02   1.0742042e-01
   5.0200000e+02   7.9864944e-02   1.0539307e-01
   5.0300000e+02   8.2506411e-02   1.0303006e-01
   5.0400000e+02   8.2014871e-02   9.9655562e-02
   5.0500000e+02   8.0225987e-02   9.8324349e-02
   5.0600000e+02   8.0059097e-02   1.0386948e-01
   5.0700000e+02   7.9101144e-02   1.0086556e-01
   5.0800000e+02   7.8822888e-02   1.0207679e-01
   5.0900000e+02   8.0325110e-02   1.0565460e-01
   5.1000000e+02   8.1675912e-02   1.0488863e-01
   5.1100000e+02   8.2128083e-02   1.0478535e-01
   5.1200000e+02   8.1545101e-02   1.0645389e-01
   5.1300000e+02   8.2216058e-02   1.0491736e-01
   5.1400000e+02   8.1003672e-02   1.0702348e-01
   5.1500000e+02   8.1659732e-02   1.0558762e-01
   5.1600000e+02   8.7246598e-02   1.0537758e-01
   5.1700000e+02   8.8125103e-02   1.0757870e-01
   5.1800000e+02   9.2259301e-02   1.0494956e-01
   5.1900000e+02   9.4862780e-02   1.0418598e-01
   5.2000000e+02   9.5216777e-02   1.0618190e-01
   5.2100000e+02   9.4516461e-02   1.0763822e-01
   5.2200000e+02   9.7182172e-02   1.0549160e-01
   5.2300000e+02   9.9811489e-02   1.0204335e-01
   5.2400000e+02   1.0135844e-01   9.9450936e-02
   5.2500000e+02   9.8059819e-02   9.6938241e-02
   5.2600000e+02   9.8498809e-02   9.9059854e-02
   5.2700000e+02   1.0020883e-01   9.9498759e-02
   5.2800000e+02   1.0187673e-01   9.9398868e-02
   5.2900000e+02   1.0622517e-01   9.8449646e-02
   5.3000000e+02   1.0669524e-01   9.9230340e-02
   5.3100000e+02   1.0671355e-01   1.0022348e-01
   5.3200000e+02   1.1077830e-01   9.9751520e-02
   5.3300000e+02   1.1275155e-01   9.8063294e-02
   5.3400000e+02   1.1541520e-01   9.8118912e-02
   5.3500000e+02   1.1880779e-01   9.9704228e-02
   5.3600000e+02   1.2531844e-01   9.3634367e-02
   5.3700000e+02   1.3154061e-01   9.6562878e-02
   5.3800000e+02   1.3277870e-01   9.6723935e-02
   5.3900000e+02   1.3305547e-01   9.5273456e-02
   5.4000000e+02   1.3518050e-01   9.5726855e-02
   5.4100000e+02   1.3687022e-01   9.5671191e-02
   5.4200000e+02   1.3730213e-01   9.5075535e-02
   5.4300000e+02   1.3961065e-01   9.6054360e-02
   5.4400000e+02   1.3929675e-01   1.0172035e-01
   5.4500000e+02   1.4264424e-01   1.0164177e-01
   5.4600000e+02   1.4492382e-01   1.0428758e-01
   5.4700000e+02   1.4276238e-01   1.0916649e-01
   5.4800000e+02   1.4296492e-01   1.1154473e-01
   5.4900000e+02   1.4156033e-01   1.0751376e-01
   5.5000000e+02   1.4505185e-01   1.0579538e-01
   5.5100000e+02   1.4254122e-01   1.0372263e-01
   5.5200000e+02   1.4078807e-01   1.0309140e-01
   5.5300000e+02   1.4021855e-01   1.0466969e-01
   5.5400000e+02   1.4296790e-01   1.0969665e-01
   5.5500000e+02   1.4384689e-01   1.1111244e-01
   5.5600000e+02   1.4550138e-01   1.1029146e-01
   5.5700000e+02   1.4305886e-01   1.1103342e-01
   5.5800000e+02   1.4751265e-01   1.0853578e-01
   5.5900000e+02   1.4832439e-01   1.0821928e-01
   5.6000000e+02   1.4941204e-01   1.0627872e-01
   5.6100000e+02   1.5422719e-01   1.0409096e-01
   5.6200000e+02   1.5342450e-01   1.0746758e-01
   5.6300000e+02   1.5419306e-01   1.1075313e-01
   5.6400000e+02   1.5275005e-01   1.0772494e-01
   5.6500000e+02   1.4968889e-01   1.1107952e-01
   5.6600000e+02   1.5286304e-01   1.1003678e-01
   5.6700000e+02   1.5201770e-01   1.0684097e-01
   5.6800000e+02   1.5090049e-01   1.0354538e-01
   5.6900000e+02   1.5473537e-01   9.9878799e-02
   5.7000000e+02   1.5568282e-01   9.8697596e-02
   5.7100000e+02   1.5698081e-01   1.0150353e-01
   5.7200000e+02   1.5472509e-01   1.0301978e-01
   5.7300000e+02   1.5234353e-01   1.0788687e-01
   5.7400000e+02   1.4970363e-01   1.0850855e-01
   5.7500000e+02   1.5037504e-01   1.0691312e-01
   5.7600000e+02   1.5459796e-01   1.0570998e-01
   5.7700000e+02   1.5736441e-01   1.0438364e-01
   5.7800000e+02   1.5986883e-01   1.0243940e-01
   5.7900000e+02   1.6024492e-01   1.0050679e-01
   5.8000000e+02   1.5941632e-01   9.7529199e-02
   5.8100000e+02   1.5826071e-01   9.7926214e-02
   5.8200000e+02   1.5713399e-01   9.9806666e-02
   5.8300000e+02   1.5935233e-01   9.6080751e-02
   5.8400000e+02   1.6272378e-01   9.8284275e-02
   5.8500000e+02   1.6087996e-01   9.9294436e-02
   5.8600000e+02   1.5400342e-01   9.8954667e-02
   5.8700000e+02   1.5459400e-01   9.7917619e-02
   5.8800000e+02   1.5088463e-01   1.0282295e-01
   5.8900000e+02   1.5164636e-01   1.0793408e-01
   5.9000000e+02   1.5073638e-01   1.0716643e-01
   5.9100000e+02   1.5315725e-01   1.0648565e-01
   5.9200000e+02   1.5406743e-01   1.0337562e-01
   5.9300000e+02   1.5413744e-01   1.0056762e-01
   5.9400000e+02   1.5200023e-01   9.9086539e-02
   5.9500000e+02   1.5256044e-01   1.0113201e-01
   5.9600000e+02   1.5095586e-01   1.0192594e-01
   5.9700000e+02   1.5068452e-01   1.0037688e-01
   5.9800000e+02   1.5112991e-01   1.0208247e-01
   5.9900000e+02   1.5222904e-01   1.0431665e-01
   6.0000000e+02   1.5439051e-01   1.0701914e-01
   6.0100000e+02   1.5289588e-01   1.0809190e-01
   6.0200000e+02   1.5381373e-01   1.0562348e-01
   6.0300000e+02   1.4959610e-01   1.0775433e-01
   6.0400000e+02   1.4820769e-01   1.1255856e-01
   6.0500000e+02   1.4735758e-01   1.1101207e-01
   6.0600000e+02   1.4789660e-01   1.1046006e-01
   6.0700000e+02   1.4636468e-01   1.1231689e-01
   6.0800000e+02   1.4877813e-01   1.1542098e-01
   6.0900000e+02   1.4771889e-01   1.1406566e-01
   6.1000000e+02   1.4620472e-01   1.1240010e-01
   6.1100000e+02   1.4576459e-01   1.1193662e-01
   6.1200000e+02   1.4530744e-01   1.1065586e-01
   6.1300000e+02   1.4479682e-01   1.1091083e-01
   6.1400000e+02   1.4581072e-01   1.1017222e-01
   6.1500000e+02   1.4503645e-01   1.0657055e-01
   6.1600000e+02   1.4028447e-01   1.0641715e-01
   6.1700000e+02   1.4101348e-01   1.0631436e-01
   6.1800000e+02   1.3942949e-01   1.0434407e-01
   6.1900000e+02   1.3929668e-01   1.0883082e-01
   6.2000000e+02   1.3855968e-01   1.1036642e-01
   6.2100000e+02   1.3771835e-01   1.1357286e-01
   6.2200000e+02   1.4079788e-01   1.1066230e-01
   6.2300000e+02   1.4370873e-01   1.1083420e-01
   6.2400000e+02   1.4418226e-01   1.1131975e-01
   6.2500000e+02   1.4792624e-01   1.0957545e-01
   6.2600000e+02   1.5363223e-01   1.1024558e-01
   6.2700000e+02   1.5375434e-01   1.0848687e-01
   6.2800000e+02   1.5657600e-01   1.0455558e-01
   6.2900000e+02   1.5700100e-01   1.0539196e-01
   6.3000000e+02   1.5922272e-01   1.0506437e-01
   6.3100000e+02   1.6315382e-01   1.0578691e-01
   6.3200000e+02   1.6213093e-01   1.0762277e-01
   6.3300000e+02   1.6342312e-01   1.1007400e-01
   6.3400000e+02   1.6507039e-01   1.0653070e-01
   6.3500000e+02   1.6589822e-01   1.0366233e-01
   6.3600000e+02   1.6848080e-01   1.0512542e-01
   6.3700000e+02   1.6929964e-01   1.1109458e-01
   6.3800000e+02   1.7191454e-01   1.1216543e-01
   6.3900000e+02   1.7474502e-01   1.1412414e-01
   6.4000000e+02   1.7595989e-01   1.1411279e-01
   6.4100000e+02   1.7825930e-01   1.1407597e-01
   6.4200000e+02   1.7753367e-01   1.1487977e-01
   6.4300000e+02   1.7755282e-01   1.1709613e-01
   6.4400000e+02   1.8486442e-01   1.1854999e-01
   6.4500000e+02   1.8490818e-01   1.2099713e-01
   6.4600000e+02   1.8609061e-01   1.1827189e-01
   6.4700000e+02   1.9366660e-01   1.1663837e-01
   6.4800000e+02   1.9599458e-01   1.1276565e-01
   6.4900000e+02   2.0275758e-01   1.0738043e-01
   6.5000000e+02   2.0398954e-01   1.0877903e-01
   6.5100000e+02   2.0771797e-01   1.0751533e-01
   6.5200000e+02   2.1157033e-01   1.0500838e-01
   6.5300000e+02   2.1137193e-01   1.0593638e-01
   6.5400000e+02   2.1113171e-01   1.0455955e-01
   6.5500000e+02   2.1194512e-01   1.0613024e-01
   6.5600000e+02   2.1041439e-01   1.0265146e-01
   6.5700000e+02   2.1409431e-01   1.0719758e-01
   6.5800000e+02   2.1371849e-01   1.0653778e-01
   6.5900000e+02   2.1437153e-01   1.0684284e-01
   6.6000000e+02   2.1500831e-01   1.1158220e-01
   6.6100000e+02   2.1503480e-01   1.1268672e-01
   6.6200000e+02   2.1667112e-01   1.1664113e-01
   6.6300000e+02   2.1572906e-01   1.1685490e-01
   6.6400000e+02   2.1738287e-01   1.1796576e-01
   6.6500000e+02   2.1898449e-01   1.1786316e-01
   6.6600000e+02   2.2108661e-01   1.1809077e-01
   6.6700000e+02   2.2305483e-01   1.1749314e-01
   6.6800000e+02   2.2359604e-01   1.1866064e-01
   6.6900000e+02   2.2249206e-01   1.1928386e-01
   6.7000000e+02   2.2419842e-01   1.1923263e-01
   6.7100000e+02   2.2463586e-01   1.1533424e-01
   6.7200000e+02   2.2547247e-01   1.1391128e-01
   6.7300000e+02   2.3045107e-01   1.1324839e-01
   6.7400000e+02   2.3159032e-01   1.1564099e-01
   6.7500000e+02   2.2771659e-01   1.1582891e-01
   6.7600000e+02   2.2862291e-01   1.1501350e-01
   6.7700000e+02   2.2618108e-01   1.1663890e-01
   6.7800000e+02   2.2470870e-01   1.1838633e-01
   6.7900000e+02   2.2336232e-01   1.0985515e-01
   6.8000000e+02   2.2356768e-01   1.1020967e-01
   6.8100000e+02   2.2642732e-01   1.1354881e-01
   6.8200000e+02   2.3161903e-01   1.1712544e-01
   6.8300000e+02   2.3606215e-01   1.2164377e-01
   6.8400000e+02   2.3766747e-01   1.1923108e-01
   6.8500000e+02   2.4037874e-01   1.1863455e-01
   6.8600000e+02   2.4019364e-01   1.1638033e-01
   6.8700000e+02   2.4365583e-01   1.1812959e-01
   6.8800000e+02   2.5047670e-01   1.1651100e-01
   6.8900000e+02   2.4968138e-01   1.1843876e-01
   6.9000000e+02   2.5429122e-01   1.1854044e-01
   6.9100000e+02   2.5656919e-01   1.1846514e-01
   6.9200000e+02   2.5319951e-01   1.1924839e-01
   6.9300000e+02   2.5488363e-01   1.2130178e-01
   6.9400000e+02   2.5662784e-01   1.2860278e-01
   6.9500000e+02   2.5509123e-01   1.3064377e-01
   6.9600000e+02   2.5297546e-01   1.3264845e-01
   6.9700000e+02   2.5411776e-01   1.3527838e-01
   6.9800000e+02   2.5564201e-01   1.3814788e-01
   6.9900000e+02   2.6161471e-01   1.4485413e-01
   7.0000000e+02   2.6399430e-01   1.5110737e-01
   7.0100000e+02   2.6705992e-01   1.5407456e-01
   7.0200000e+02   2.7147463e-01   1.5264013e-01
   7.0300000e+02   2.7483812e-01   1.4931691e-01
   7.0400000e+02   2.7647240e-01   1.5156696e-01
   7.0500000e+02   2.7835953e-01   1.5527476e-01
   7.0600000e+02   2.7971360e-01   1.5430227e-01
   7.0700000e+02   2.8272255e-01   1.5632934e-01
   7.0800000e+02   2.8561449e-01   1.5339997e-01
   7.0900000e+02   2.9044298e-01   1.5404391e-01
   7.1000000e+02   2.9167498e-01   1.5516376e-01
   7.1100000e+02   2.9289568e-01   1.5541809e-01
   7.1200000e+02   2.9259460e-01   1.5367846e-01
   7.1300000e+02   2.9396074e-01   1.5367308e-01
   7.1400000e+02   2.9284654e-01   1.5252700e-01
   7.1500000e+02   2.9177874e-01   1.4970297e-01
   7.1600000e+02   2.9496307e-01   1.4733842e-01
   7.1700000e+02   2.9599972e-01   1.4954379e-01
   7.1800000e+02   2.9956386e-01   1.4722873e-01
   7.1900000e+02   3.0610720e-01   1.4362947e-01
   7.2000000e+02   3.0804810e-01   1.4294623e-01
   7.2100000e+02   3.0632798e-01   1.4049782e-01
   7.2200000e+02   3.0532033e-01   1.3769838e-01
   7.2300000e+02   3.0520579e-01   1.3635469e-01
   7.2400000e+02   3.0369423e-01   1.3600631e-01
   7.2500000e+02   3.0944362e-01   1.4100544e-01
   7.2600000e+02   3.1549342e-01   1.4076478e-01
   7.2700000e+02   3.2176938e-01   1.4388838e-01
   7.2800000e+02   3.2246714e-01   1.4604001e-01
   7.2900000e+02   3.2758965e-01   1.4803575e-01
   7.3000000e+02   3.3100883e-01   1.4798263e-01
   7.3100000e+02   3.3495303e-01   1.5229339e-01
   7.3200000e+02   3.3593304e-01   1.5494791e-01
   7.3300000e+02   3.3753715e-01   1.5831553e-01
   7.3400000e+02   3.3907139e-01   1.5978815e-01
   7.3500000e+02   3.4316437e-01   1.5713334e-01
   7.3600000e+02   3.4386110e-01   1.5708409e-01
   7.3700000e+02   3.4521500e-01   1.6054935e-01
   7.3800000e+02   3.4912609e-01   1.5682237e-01
   7.3900000e+02   3.5401964e-01   1.5594098e-01
   7.4000000e+02   3.5674154e-01   1.5406513e-01
   7.4100000e+02   3.5526352e-01   1.5402856e-01
   7.4200000e+02   3.5700461e-01   1.5501994e-01
   7.4300000e+02   3.6054611e-01   1.5482421e-01
   7.4400000e+02   3.6365927e-01   1.5447401e-01
   7.4500000e+02   3.7437976e-01   1.5105971e-01
   7.4600000e+02   3.8432044e-01   1.4973740e-01
   7.4700000e+02   3.9483453e-01   1.4596137e-01
   7.4800000e+02   4.0493570e-01   1.4304027e-01
   7.4900000e+02   4.1449785e-01   1.4346822e-01
   7.5000000e+02   4.2283530e-01   1.4572325e-01
   7.5100000e+02   4.3866965e-01   1.5408128e-01
   7.5200000e+02   4.5039623e-01   1.6162582e-01
   7.5300000e+02   4.5728298e-01   1.7511556e-01
   7.5400000e+02   4.7080941e-01   1.8506595e-01
   7.5500000e+02   4.8270461e-01   1.9665019e-01
   7.5600000e+02   4.9383532e-01   2.0495583e-01
   7.5700000e+02   5.0261347e-01   2.1169659e-01
   7.5800000e+02   5.1029264e-01   2.1920068e-01
   7.5900000e+02   5.1505375e-01   2.2543778e-01
   7.6000000e+02   5.2387966e-01   2.2710115e-01
   7.6100000e+02   5.3377868e-01   2.2724669e-01
   7.6200000e+02   5.4059060e-01   2.3181759e-01
   7.6300000e+02   5.4955874e-01   2.3268103e-01
   7.6400000e+02   5.5892107e-01   2.3482701e-01
   7.6500000e+02   5.6960971e-01   2.3832068e-01
   7.6600000e+02   5.8020466e-01   2.3935560e-01
   7.6700000e+02   5.9294559e-01   2.4212690e-01
   7.6800000e+02   6.0315112e-01   2.4367781e-01
   7.6900000e+02   6.0907542e-01   2.4917274e-01
   7.7000000e+02   6.1669595e-01   2.5134159e-01
   7.7100000e+02   6.2628793e-01   2.5394423e-01
   7.7200000e+02   6.3908107e-01   2.5293789e-01
   7.7300000e+02   6.5031693e-01   2.5439288e-01
   7.7400000e+02   6.5968912e-01   2.5395181e-01
   7.7500000e+02   6.6660972e-01   2.5492525e-01
   7.7600000e+02   6.7684416e-01   2.5214739e-01
   7.7700000e+02   6.9245549e-01   2.4666481e-01
   7.7800000e+02   7.0231273e-01   2.4509291e-01
   7.7900000e+02   7.1703627e-01   2.4005565e-01
   7.8000000e+02   7.3438694e-01   2.3334939e-01
   7.8100000e+02   7.4707006e-01   2.3040032e-01
   7.8200000e+02   7.6324574e-01   2.2065134e-01
   7.8300000e+02   7.8397441e-01   2.1008723e-01
   7.8400000e+02   7.9582942e-01   2.0826651e-01
   7.8500000e+02   8.0827998e-01   2.0569574e-01
   7.8600000e+02   8.1853098e-01   2.0357206e-01
   7.8700000e+02   8.2815806e-01   2.0231555e-01
   7.8800000e+02   8.3663415e-01   2.0069323e-01
   7.8900000e+02   8.4439675e-01   1.9802045e-01
   7.9000000e+02   8.5131579e-01   1.9623060e-01
   7.9100000e+02   8.5784088e-01   1.9270770e-01
   7.9200000e+02   8.6206637e-01   1.9448597e-01
   7.9300000e+02   8.6802309e-01   1.8638260e-01
   7.9400000e+02   8.7745835e-01   1.7191127e-01
   7.9500000e+02   8.9009321e-01   1.5447763e-01
   7.9600000e+02   9.0058855e-01   1.4149563e-01
   7.9700000e+02   9.0869764e-01   1.3520031e-01
   7.9800000e+02   9.1367415e-01   1.3378911e-01
   7.9900000e+02   9.1809555e-01   1.3313068e-01
   8.0000000e+02   9.2085830e-01   1.3289770e-01
   8.0100000e+02   9.2483224e-01   1.2795539e-01
   8.0200000e+02   9.2818489e-01   1.2411651e-01
   8.0300000e+02   9.3092161e-01   1.1957914e-01
   8.0400000e+02   9.3610285e-01   1.0811329e-01
   8.0500000e+02   9.3981052e-01   1.0102855e-01
   8.0600000e+02   9.4358046e-01   9.2185918e-02
   8.0700000e+02   9.4687518e-01   8.3715384e-02
   8.0800000e+02   9.4983331e-01   7.5729990e-02
   8.0900000e+02   9.5102143e-01   8.1648151e-02
   8.1000000e+02   9.5437503e-01   6.7603156e-02
   8.1100000e+02   9.5844597e-01   4.6592814e-02
   8.1200000e+02   9.6111915e-01   3.6383660e-02
   8.1300000e+02   9.6224039e-01   2.9269886e-02
   8.1400000e+02   9.6384884e-01   2.4372609e-02
   8.1500000e+02   9.6462883e-01   2.2406701e-02
   8.1600000e+02   9.6555361e-01   2.0327914e-02
   8.1700000e+02   9.6590969e-01   2.0641674e-02
   8.1800000e+02   9.6628885e-01   1.9860114e-02
   8.1900000e+02   9.6597322e-01   2.3412520e-02
   8.2000000e+02   9.6584309e-01   2.3518394e-02
   8.2100000e+02   9.6572220e-01   2.7896489e-02
   8.2200000e+02   9.6518007e-01   3.0839458e-02
   8.2300000e+02   9.6281728e-01   4.8924928e-02
   8.2400000e+02   9.6312104e-01   4.6686781e-02
   8.2500000e+02   9.6077225e-01   6.5692396e-02
   8.2600000e+02   9.5838551e-01   8.2302082e-02
   8.2700000e+02   9.5387678e-01   1.1307061e-01
   8.2800000e+02   9.5339618e-01   1.1391752e-01
   8.2900000e+02   9.5281399e-01   1.1745714e-01
   8.3000000e+02   9.5266642e-01   1.1787849e-01
   8.3100000e+02   9.5245434e-01   1.1758077e-01
   8.3200000e+02   9.5187050e-01   1.1745218e-01
   8.3300000e+02   9.5150240e-01   1.1649331e-01
   8.3400000e+02   9.5117858e-01   1.1615662e-01
   8.3500000e+02   9.4932034e-01   1.1846699e-01
   8.3600000e+02   9.4925491e-01   1.1201709e-01
   8.3700000e+02   9.5008061e-01   1.0611477e-01
   8.3800000e+02   9.4955079e-01   1.0459579e-01
   8.3900000e+02   9.4765495e-01   1.0602218e-01
   8.4000000e+02   9.4534505e-01   1.0408084e-01
   8.4100000e+02   9.4326065e-01   1.0651534e-01
   8.4200000e+02   9.3996323e-01   1.0829645e-01
   8.4300000e+02   9.3758467e-01   1.0988643e-01
   8.4400000e+02   9.3390380e-01   1.0903686e-01
   8.4500000e+02   9.2860454e-01   1.1380827e-01
   8.4600000e+02   9.2202392e-01   1.2174473e-01
   8.4700000e+02   9.1249127e-01   1.3545688e-01
   8.4800000e+02   8.9727937e-01   1.6013522e-01
   8.4900000e+02   8.7556077e-01   2.0345412e-01
   8.5000000e+02   8.5351876e-01   2.4663936e-01
   8.5100000e+02   8.3015721e-01   2.8228893e-01
   8.5200000e+02   8.1056513e-01   3.0598589e-01
   8.5300000e+02   7.9573213e-01   3.2567508e-01
   8.5400000e+02   7.8489524e-01   3.3331694e-01
   8.5500000e+02   7.7290004e-01   3.4187138e-01
   8.5600000e+02   7.6516607e-01   3.4407779e-01
   8.5700000e+02   7.5853970e-01   3.4618811e-01
   8.5800000e+02   7.5180998e-01   3.4657416e-01
   8.5900000e+02   7.4376468e-01   3.4612148e-01
   8.6000000e+02   7.3032063e-01   3.5382152e-01
   8.6100000e+02   7.1814142e-01   3.5697888e-01
   8.6200000e+02   7.0015824e-01   3.6600290e-01
   8.6300000e+02   6.8448053e-01   3.7032590e-01
   8.6400000e+02   6.6651265e-01   3.7523658e-01
   8.6500000e+02   6.4733086e-01   3.8640034e-01
   8.6600000e+02   6.3638212e-01   3.8704856e-01
   8.6700000e+02   6.2465032e-01   3.8760351e-01
   8.6800000e+02   6.0844312e-01   3.9380224e-01
   8.6900000e+02   5.9176016e-01   3.9594857e-01
   8.7000000e+02   5.7575329e-01   4.0114138e-01
   8.7100000e+02   5.6075395e-01   4.0252921e-01
   8.7200000e+02   5.4865214e-01   4.0128984e-01
   8.7300000e+02   5.3431643e-01   3.9634511e-01
   8.7400000e+02   5.1316447e-01   3.9375640e-01
   8.7500000e+02   4.8722140e-01   3.9442132e-01
   8.7600000e+02   4.6941139e-01   3.8823005e-01
   8.7700000e+02   4.3717060e-01   3.8396500e-01
   8.7800000e+02   4.1269351e-01   3.7858201e-01
   8.7900000e+02   3.8732534e-01   3.7300621e-01
   8.8000000e+02   3.5397234e-01   3.6623325e-01
   8.8100000e+02   3.2054818e-01   3.6370378e-01
   8.8200000e+02   3.0657515e-01   3.5276075e-01
   8.8300000e+02   2.8652463e-01   3.4371702e-01
   8.8400000e+02   2.7484718e-01   3.3499143e-01
   8.8500000e+02   2.6163717e-01   3.2848560e-01
   8.8600000e+02   2.5510384e-01   3.2201739e-01
   8.8700000e+02   2.4554167e-01   3.1642184e-01
   8.8800000e+02   2.3698055e-01   3.0915514e-01
   8.8900000e+02   2.3099875e-01   3.0485274e-01
   8.9000000e+02   2.2412975e-01   2.9223942e-01
   8.9100000e+02   2.0865253e-01   2.7092183e-01
   8.9200000e+02   1.9273422e-01   2.4976055e-01
   8.9300000e+02   1.7658561e-01   2.3201627e-01
   8.9400000e+02   1.6627198e-01   2.2382397e-01
   8.9500000e+02   1.6196767e-01   2.1942838e-01
   8.9600000e+02   1.6333408e-01   2.1629579e-01
   8.9700000e+02   1.6159184e-01   2.0968073e-01
   8.9800000e+02   1.5844549e-01   2.0506416e-01
   8.9900000e+02   1.5609934e-01   1.9687308e-01
   9.0000000e+02   1.5180319e-01   1.8922872e-01
   9.0100000e+02   1.4190640e-01   1.8028539e-01
   9.0200000e+02   1.3369706e-01   1.7499003e-01
   9.0300000e+02   1.3191130e-01   1.7239314e-01
   9.0400000e+02   1.3277568e-01   1.5964115e-01
   9.0500000e+02   1.2864719e-01   1.5155674e-01
   9.0600000e+02   1.2865753e-01   1.4352345e-01
   9.0700000e+02   1.2817564e-01   1.3233369e-01
   9.0800000e+02   1.2742569e-01   1.1424296e-01
   9.0900000e+02   1.2278492e-01   1.0888913e-01
   9.1000000e+02   1.2545137e-01   1.0932294e-01
   9.1100000e+02   1.2426085e-01   1.0974431e-01
   9.1200000e+02   1.2143959e-01   1.0773116e-01
   9.1300000e+02   1.1993078e-01   1.0693214e-01
   9.1400000e+02   1.1522122e-01   1.0776486e-01
   9.1500000e+02   1.1267101e-01   1.0729685e-01
   9.1600000e+02   1.1286665e-01   1.0474753e-01
   9.1700000e+02   1.0977959e-01   1.0654830e-01
   9.1800000e+02   1.1402341e-01   1.0850572e-01
   9.1900000e+02   1.1557149e-01   1.0701666e-01
   9.2000000e+02   1.1483311e-01   1.0647917e-01
   9.2100000e+02   1.1073195e-01   1.0805494e-01
   9.2200000e+02   1.0971573e-01   1.0668524e-01
   9.2300000e+02   1.0746228e-01   1.0633785e-01
   9.2400000e+02   1.0766476e-01   1.0637906e-01
   9.2500000e+02   1.0741908e-01   1.0562616e-01
   9.2600000e+02   1.0954347e-01   1.0386046e-01
   9.2700000e+02   1.1152861e-01   1.0111035e-01
   9.2800000e+02   1.1506631e-01   1.0118523e-01
   9.2900000e+02   1.2097170e-01   1.0152283e-01
   9.3000000e+02   1.2029454e-01   9.9090081e-02
   9.3100000e+02   1.1830653e-01   9.6908184e-02
   9.3200000e+02   1.2031199e-01   9.6652453e-02
   9.3300000e+02   1.1845339e-01   9.5767795e-02
   9.3400000e+02   1.1729523e-01   9.4226896e-02
   9.3500000e+02   1.1839647e-01   9.7661268e-02
   9.3600000e+02   1.1944133e-01   9.7088877e-02
   9.3700000e+02   1.2260570e-01   9.5116474e-02
   9.3800000e+02   1.1956500e-01   9.2893298e-02
   9.3900000e+02   1.1818568e-01   9.3823541e-02
   9.4000000e+02   1.1642322e-01   9.2935999e-02
   9.4100000e+02   1.1522986e-01   9.0907860e-02
   9.4200000e+02   1.1375878e-01   9.0041830e-02
   9.4300000e+02   1.1219243e-01   9.1702372e-02
   9.4400000e+02   1.1075691e-01   9.1512981e-02
   9.4500000e+02   1.1376990e-01   9.2390282e-02
   9.4600000e+02   1.1382304e-01   9.2804807e-02
   9.4700000e+02   1.1456491e-01   9.2356761e-02
   9.4800000e+02   1.1047086e-01   9.6440863e-02
   9.4900000e+02   1.0901250e-01   9.7947403e-02
   9.5000000e+02   1.0893516e-01   9.8657727e-02
   9.5100000e+02   1.0651724e-01   9.5368559e-02
   9.5200000e+02   1.0042444e-01   9.3513929e-02
   9.5300000e+02   9.9634345e-02   8.9873643e-02
   9.5400000e+02   9.9797159e-02   8.7600637e-02
   9.5500000e+02   1.0310699e-01   8.5780527e-02
   9.5600000e+02   9.7244762e-02   8.9003880e-02
   9.5700000e+02   9.7072245e-02   8.8688376e-02
   9.5800000e+02   9.6528169e-02   9.0061726e-02
   9.5900000e+02   9.5975476e-02   9.0022709e-02
   9.6000000e+02   9.8468231e-02   9.2178258e-02
   9.6100000e+02   1.0065690e-01   8.8786825e-02
   9.6200000e+02   9.6546813e-02   8.7854321e-02
   9.6300000e+02   9.4325938e-02   8.9819746e-02
   9.6400000e+02   9.1225014e-02   9.0991305e-02
   9.6500000e+02   9.1305106e-02   9.2159914e-02
   9.6600000e+02   8.9924394e-02   9.1011953e-02
   9.6700000e+02   9.1862196e-02   8.9889635e-02
   9.6800000e+02   9.3207221e-02   8.9412875e-02
   9.6900000e+02   9.4061209e-02   9.5478058e-02
   9.7000000e+02   9.4472877e-02   9.8590837e-02
   9.7100000e+02   9.0656161e-02   1.0272617e-01
   9.7200000e+02   9.3539198e-02   1.0451833e-01
   9.7300000e+02   9.5507194e-02   1.0761803e-01
   9.7400000e+02   9.8214598e-02   1.0728200e-01
   9.7500000e+02   9.8095646e-02   1.0833583e-01
   9.7600000e+02   9.7699264e-02   1.0925333e-01
   9.7700000e+02   9.8237308e-02   1.0902879e-01
   9.7800000e+02   9.9426117e-02   1.0694411e-01
   9.7900000e+02   9.5776129e-02   1.1092575e-01
   9.8000000e+02   9.4678814e-02   1.1483459e-01
   9.8100000e+02   9.7161763e-02   1.1893345e-01
   9.8200000e+02   9.6091648e-02   1.2052072e-01
   9.8300000e+02   9.4535406e-02   1.2133963e-01
   9.8400000e+02   9.3609732e-02   1.2374772e-01
   9.8500000e+02   9.3886021e-02   1.2120879e-01
   9.8600000e+02   9.2464353e-02   1.2219785e-01
   9.8700000e+02   9.3378204e-02   1.2147186e-01
   9.8800000e+02   9.4341925e-02   1.2045312e-01
   9.8900000e+02   9.3309782e-02   1.1818366e-01
   9.9000000e+02   9.4007742e-02   1.1600165e-01
   9.9100000e+02   9.1845246e-02   1.2211888e-01
   9.9200000e+02   9.0976754e-02   1.2383335e-01
   9.9300000e+02   9.0105220e-02   1.2126298e-01
   9.9400000e+02   9.0391292e-02   1.1834064e-01
   9.9500000e+02   9.0154881e-02   1.1875536e-01
   9.9600000e+02   8.9072716e-02   1.1969007e-01
   9.9700000e+02   8.6259935e-02   1.2094325e-01
   9.9800000e+02   8.2864359e-02   1.2259669e-01
   9.9900000e+02   8.0336715e-02   1.2384022e-01
   1.0000000e+03   7.9727516e-02   1.2384958e-01
