  -1.2000000e+03   0.0000000e+00   0.0000000e+00
  -1.1990000e+03   0.0000000e+00   0.0000000e+00
  -1.1980000e+03   0.0000000e+00   0.0000000e+00
  -1.1970000e+03   0.0000000e+00   0.0000000e+00
  -1.1960000e+03   0.0000000e+00   0.0000000e+00
  -1.1950000e+03   0.0000000e+00   0.0000000e+00
  -1.1940000e+03   0.0000000e+00   0.0000000e+00
  -1.1930000e+03   0.0000000e+00   0.0000000e+00
  -1.1920000e+03   0.0000000e+00   0.0000000e+00
  -1.1910000e+03   0.0000000e+00   0.0000000e+00
  -1.1900000e+03   0.0000000e+00   0.0000000e+00
  -1.1890000e+03   0.0000000e+00   0.0000000e+00
  -1.1880000e+03   0.0000000e+00   0.0000000e+00
  -1.1870000e+03   0.0000000e+00   0.0000000e+00
  -1.1860000e+03   0.0000000e+00   0.0000000e+00
  -1.1850000e+03   0.0000000e+00   0.0000000e+00
  -1.1840000e+03   0.0000000e+00   0.0000000e+00
  -1.1830000e+03   0.0000000e+00   0.0000000e+00
  -1.1820000e+03   0.0000000e+00   0.0000000e+00
  -1.1810000e+03   0.0000000e+00   0.0000000e+00
  -1.1800000e+03   0.0000000e+00   0.0000000e+00
  -1.1790000e+03   0.0000000e+00   0.0000000e+00
  -1.1780000e+03   0.0000000e+00   0.0000000e+00
  -1.1770000e+03   0.0000000e+00   0.0000000e+00
  -1.1760000e+03   0.0000000e+00   0.0000000e+00
  -1.1750000e+03   0.0000000e+00   0.0000000e+00
  -1.1740000e+03   0.0000000e+00   0.0000000e+00
  -1.1730000e+03   0.0000000e+00   0.0000000e+00
  -1.1720000e+03   0.0000000e+00   0.0000000e+00
  -1.1710000e+03   0.0000000e+00   0.0000000e+00
  -1.1700000e+03   0.0000000e+00   0.0000000e+00
  -1.1690000e+03   0.0000000e+00   0.0000000e+00
  -1.1680000e+03   0.0000000e+00   0.0000000e+00
  -1.1670000e+03   0.0000000e+00   0.0000000e+00
  -1.1660000e+03   0.0000000e+00   0.0000000e+00
  -1.1650000e+03   0.0000000e+00   0.0000000e+00
  -1.1640000e+03   0.0000000e+00   0.0000000e+00
  -1.1630000e+03   0.0000000e+00   0.0000000e+00
  -1.1620000e+03   0.0000000e+00   0.0000000e+00
  -1.1610000e+03   0.0000000e+00   0.0000000e+00
  -1.1600000e+03   0.0000000e+00   0.0000000e+00
  -1.1590000e+03   0.0000000e+00   0.0000000e+00
  -1.1580000e+03   0.0000000e+00   0.0000000e+00
  -1.1570000e+03   0.0000000e+00   0.0000000e+00
  -1.1560000e+03   0.0000000e+00   0.0000000e+00
  -1.1550000e+03   0.0000000e+00   0.0000000e+00
  -1.1540000e+03   0.0000000e+00   0.0000000e+00
  -1.1530000e+03   0.0000000e+00   0.0000000e+00
  -1.1520000e+03   0.0000000e+00   0.0000000e+00
  -1.1510000e+03   0.0000000e+00   0.0000000e+00
  -1.1500000e+03   0.0000000e+00   0.0000000e+00
  -1.1490000e+03   0.0000000e+00   0.0000000e+00
  -1.1480000e+03   0.0000000e+00   0.0000000e+00
  -1.1470000e+03   0.0000000e+00   0.0000000e+00
  -1.1460000e+03   0.0000000e+00   0.0000000e+00
  -1.1450000e+03   0.0000000e+00   0.0000000e+00
  -1.1440000e+03   0.0000000e+00   0.0000000e+00
  -1.1430000e+03   0.0000000e+00   0.0000000e+00
  -1.1420000e+03   0.0000000e+00   0.0000000e+00
  -1.1410000e+03   0.0000000e+00   0.0000000e+00
  -1.1400000e+03   0.0000000e+00   0.0000000e+00
  -1.1390000e+03   0.0000000e+00   0.0000000e+00
  -1.1380000e+03   0.0000000e+00   0.0000000e+00
  -1.1370000e+03   0.0000000e+00   0.0000000e+00
  -1.1360000e+03   0.0000000e+00   0.0000000e+00
  -1.1350000e+03   0.0000000e+00   0.0000000e+00
  -1.1340000e+03   0.0000000e+00   0.0000000e+00
  -1.1330000e+03   0.0000000e+00   0.0000000e+00
  -1.1320000e+03   0.0000000e+00   0.0000000e+00
  -1.1310000e+03   0.0000000e+00   0.0000000e+00
  -1.1300000e+03   0.0000000e+00   0.0000000e+00
  -1.1290000e+03   0.0000000e+00   0.0000000e+00
  -1.1280000e+03   0.0000000e+00   0.0000000e+00
  -1.1270000e+03   0.0000000e+00   0.0000000e+00
  -1.1260000e+03   0.0000000e+00   0.0000000e+00
  -1.1250000e+03   0.0000000e+00   0.0000000e+00
  -1.1240000e+03   0.0000000e+00   0.0000000e+00
  -1.1230000e+03   0.0000000e+00   0.0000000e+00
  -1.1220000e+03   0.0000000e+00   0.0000000e+00
  -1.1210000e+03   0.0000000e+00   0.0000000e+00
  -1.1200000e+03   0.0000000e+00   0.0000000e+00
  -1.1190000e+03   0.0000000e+00   0.0000000e+00
  -1.1180000e+03   0.0000000e+00   0.0000000e+00
  -1.1170000e+03   0.0000000e+00   0.0000000e+00
  -1.1160000e+03   0.0000000e+00   0.0000000e+00
  -1.1150000e+03   0.0000000e+00   0.0000000e+00
  -1.1140000e+03   0.0000000e+00   0.0000000e+00
  -1.1130000e+03   0.0000000e+00   0.0000000e+00
  -1.1120000e+03   0.0000000e+00   0.0000000e+00
  -1.1110000e+03   0.0000000e+00   0.0000000e+00
  -1.1100000e+03   0.0000000e+00   0.0000000e+00
  -1.1090000e+03   0.0000000e+00   0.0000000e+00
  -1.1080000e+03   0.0000000e+00   0.0000000e+00
  -1.1070000e+03   0.0000000e+00   0.0000000e+00
  -1.1060000e+03   0.0000000e+00   0.0000000e+00
  -1.1050000e+03   0.0000000e+00   0.0000000e+00
  -1.1040000e+03   0.0000000e+00   0.0000000e+00
  -1.1030000e+03   0.0000000e+00   0.0000000e+00
  -1.1020000e+03   0.0000000e+00   0.0000000e+00
  -1.1010000e+03   0.0000000e+00   0.0000000e+00
  -1.1000000e+03   7.8023668e-01   1.6911538e+00
  -1.0990000e+03   7.7054044e-01   1.5871791e+00
  -1.0980000e+03   7.1457763e-01   1.3762947e+00
  -1.0970000e+03   6.7854392e-01   1.2258672e+00
  -1.0960000e+03   6.4618069e-01   1.1180294e+00
  -1.0950000e+03   6.0899767e-01   1.0557289e+00
  -1.0940000e+03   5.6290649e-01   1.1630163e+00
  -1.0930000e+03   5.6615213e-01   1.1886505e+00
  -1.0920000e+03   6.1061622e-01   1.0308994e+00
  -1.0910000e+03   5.9404022e-01   9.4876686e-01
  -1.0900000e+03   5.8210772e-01   9.8883918e-01
  -1.0890000e+03   5.3358108e-01   9.6147221e-01
  -1.0880000e+03   5.2511320e-01   9.3353298e-01
  -1.0870000e+03   4.1812638e-01   8.4785108e-01
  -1.0860000e+03   3.0574936e-01   7.8900234e-01
  -1.0850000e+03   2.9840927e-01   7.6387163e-01
  -1.0840000e+03   3.4480817e-01   8.3086911e-01
  -1.0830000e+03   3.6468981e-01   8.6493439e-01
  -1.0820000e+03   3.9977533e-01   9.3589596e-01
  -1.0810000e+03   3.9646143e-01   9.5824608e-01
  -1.0800000e+03   4.0747518e-01   1.0017189e+00
  -1.0790000e+03   4.0527505e-01   1.0129131e+00
  -1.0780000e+03   4.2641934e-01   1.1048099e+00
  -1.0770000e+03   3.9493456e-01   1.1536352e+00
  -1.0760000e+03   2.5693543e-01   1.1379271e+00
  -1.0750000e+03   2.3591761e-01   1.0075473e+00
  -1.0740000e+03   2.8070738e-01   8.4491770e-01
  -1.0730000e+03   3.4211037e-01   7.6605688e-01
  -1.0720000e+03   3.9242060e-01   7.6280543e-01
  -1.0710000e+03   4.2234784e-01   7.4280980e-01
  -1.0700000e+03   4.3846577e-01   7.3774210e-01
  -1.0690000e+03   4.9589564e-01   8.0292805e-01
  -1.0680000e+03   5.9818545e-01   9.0443005e-01
  -1.0670000e+03   6.2399460e-01   8.6258177e-01
  -1.0660000e+03   5.9027480e-01   7.5281142e-01
  -1.0650000e+03   5.3347793e-01   6.2792492e-01
  -1.0640000e+03   4.4874259e-01   5.3008308e-01
  -1.0630000e+03   4.1136398e-01   5.6830222e-01
  -1.0620000e+03   3.3598981e-01   7.2384796e-01
  -1.0610000e+03   1.9405246e-01   8.4597553e-01
  -1.0600000e+03   2.5996222e-01   8.9845467e-01
  -1.0590000e+03   3.5656449e-01   9.4174570e-01
  -1.0580000e+03   3.2420540e-01   9.2847035e-01
  -1.0570000e+03   3.3755780e-01   9.4704377e-01
  -1.0560000e+03   3.8427648e-01   1.0008624e+00
  -1.0550000e+03   4.0859994e-01   1.0998271e+00
  -1.0540000e+03   3.9417378e-01   1.2255567e+00
  -1.0530000e+03   3.0609727e-01   1.2115963e+00
  -1.0520000e+03   2.0512498e-01   1.0617250e+00
  -1.0510000e+03   1.9417884e-01   9.1991180e-01
  -1.0500000e+03   2.3389212e-01   9.1164986e-01
  -1.0490000e+03   1.9131728e-01   8.8336206e-01
  -1.0480000e+03   2.0352972e-01   9.6209851e-01
  -1.0470000e+03   1.5385523e-01   1.0645735e+00
  -1.0460000e+03   1.5316297e-01   1.0780211e+00
  -1.0450000e+03   7.9814500e-02   1.0414312e+00
  -1.0440000e+03   8.3141915e-02   1.1085703e+00
  -1.0430000e+03   1.9460503e-01   1.1880702e+00
  -1.0420000e+03   2.7954651e-01   1.2125452e+00
  -1.0410000e+03   3.1091245e-01   1.1822769e+00
  -1.0400000e+03   2.6654905e-01   1.0492450e+00
  -1.0390000e+03   2.6892690e-01   1.0298908e+00
  -1.0380000e+03   2.2831024e-01   1.0340535e+00
  -1.0370000e+03   2.0902369e-01   1.0244779e+00
  -1.0360000e+03   2.6255542e-01   9.7188062e-01
  -1.0350000e+03   3.0853392e-01   9.2329265e-01
  -1.0340000e+03   3.2622424e-01   8.9913605e-01
  -1.0330000e+03   3.2626704e-01   9.1667603e-01
  -1.0320000e+03   3.5778357e-01   9.5925894e-01
  -1.0310000e+03   4.0484175e-01   9.9241134e-01
  -1.0300000e+03   4.3033911e-01   1.0130688e+00
  -1.0290000e+03   3.3949012e-01   1.0145581e+00
  -1.0280000e+03   1.9835314e-01   1.1173228e+00
  -1.0270000e+03   2.4071245e-01   7.5968297e-01
  -1.0260000e+03   2.5474913e-01   6.0813830e-01
  -1.0250000e+03   2.9229383e-01   5.4779739e-01
  -1.0240000e+03   2.7087999e-01   5.0772458e-01
  -1.0230000e+03   1.7926080e-01   4.6227487e-01
  -1.0220000e+03   1.0368650e-01   4.5553122e-01
  -1.0210000e+03   5.3479284e-02   5.2647114e-01
  -1.0200000e+03   6.4178315e-02   6.6573728e-01
  -1.0190000e+03   7.3279053e-02   7.1700985e-01
  -1.0180000e+03   1.0420526e-01   7.1785157e-01
  -1.0170000e+03   2.8904032e-02   7.2868750e-01
  -1.0160000e+03   1.0133766e-02   8.3842883e-01
  -1.0150000e+03  -3.1070450e-02   9.3802674e-01
  -1.0140000e+03  -7.4686096e-03   8.4114766e-01
  -1.0130000e+03  -7.6500920e-02   9.6717792e-01
  -1.0120000e+03  -8.8851973e-02   9.9107723e-01
  -1.0110000e+03  -1.2979830e-01   1.0795316e+00
  -1.0100000e+03  -1.8981379e-01   1.0951916e+00
  -1.0090000e+03  -2.4682772e-01   1.1553610e+00
  -1.0080000e+03  -1.7420167e-01   1.1348518e+00
  -1.0070000e+03  -4.2850431e-02   1.1417682e+00
  -1.0060000e+03   2.5099659e-02   1.1137616e+00
  -1.0050000e+03   9.6675058e-02   1.1541693e+00
  -1.0040000e+03   1.6100197e-01   1.2691707e+00
  -1.0030000e+03   1.5999141e-01   1.3066841e+00
  -1.0020000e+03   1.9316113e-01   1.3282248e+00
  -1.0010000e+03   2.7800667e-01   1.2759133e+00
  -1.0000000e+03   3.6919043e-01   1.2654462e+00
  -9.9900000e+02   4.3343961e-01   1.2901492e+00
  -9.9800000e+02   2.9404427e-01   1.1068217e+00
  -9.9700000e+02   2.4965002e-01   9.8084733e-01
  -9.9600000e+02   2.5912156e-01   9.2940085e-01
  -9.9500000e+02   2.4513941e-01   8.9454864e-01
  -9.9400000e+02   2.8479748e-01   9.3023115e-01
  -9.9300000e+02   3.8821365e-01   1.0577234e+00
  -9.9200000e+02   4.4668989e-01   1.1069983e+00
  -9.9100000e+02   5.0033744e-01   1.1626814e+00
  -9.9000000e+02   5.1201434e-01   1.2072256e+00
  -9.8900000e+02   5.3898497e-01   1.2260934e+00
  -9.8800000e+02   5.2354715e-01   1.1751618e+00
  -9.8700000e+02   4.6705032e-01   1.0951677e+00
  -9.8600000e+02   4.0560925e-01   1.0221067e+00
  -9.8500000e+02   4.0139331e-01   9.3456010e-01
  -9.8400000e+02   4.9688538e-01   8.7719569e-01
  -9.8300000e+02   5.5792317e-01   8.5259038e-01
  -9.8200000e+02   6.2359710e-01   8.7359232e-01
  -9.8100000e+02   5.6913630e-01   8.0022680e-01
  -9.8000000e+02   5.5081826e-01   7.5399122e-01
  -9.7900000e+02   5.5701869e-01   7.7499010e-01
  -9.7800000e+02   6.3584101e-01   8.5666917e-01
  -9.7700000e+02   6.1894954e-01   8.4738929e-01
  -9.7600000e+02   5.8306123e-01   8.3843771e-01
  -9.7500000e+02   4.9056519e-01   7.4262461e-01
  -9.7400000e+02   3.8461085e-01   7.3317357e-01
  -9.7300000e+02   2.7062062e-01   8.5307872e-01
  -9.7200000e+02   3.6893130e-01   8.2375496e-01
  -9.7100000e+02   3.1644019e-01   9.3430231e-01
  -9.7000000e+02   3.6296413e-01   9.8033355e-01
  -9.6900000e+02   3.8735990e-01   9.4489063e-01
  -9.6800000e+02   4.1746151e-01   9.0622163e-01
  -9.6700000e+02   4.2917267e-01   9.4132551e-01
  -9.6600000e+02   4.4434205e-01   1.0241956e+00
  -9.6500000e+02   4.4476216e-01   1.0272134e+00
  -9.6400000e+02   4.3238373e-01   1.1034176e+00
  -9.6300000e+02   3.4713019e-01   1.2420977e+00
  -9.6200000e+02   2.5321160e-01   1.1317740e+00
  -9.6100000e+02   1.2109902e-01   1.1770730e+00
  -9.6000000e+02   1.3522079e-01   1.1158046e+00
  -9.5900000e+02   1.6125009e-01   1.1372120e+00
  -9.5800000e+02   2.2691849e-01   1.2201125e+00
  -9.5700000e+02   2.4524299e-01   1.2321357e+00
  -9.5600000e+02   2.9385681e-01   1.2774303e+00
  -9.5500000e+02   3.1819384e-01   1.3498466e+00
  -9.5400000e+02   3.5926839e-01   1.4254201e+00
  -9.5300000e+02   2.9935173e-01   1.4325063e+00
  -9.5200000e+02   4.3699572e-01   1.5056722e+00
  -9.5100000e+02   4.3027778e-01   1.5591256e+00
  -9.5000000e+02   2.3980786e-01   1.4622685e+00
  -9.4900000e+02   9.8075053e-02   1.5116155e+00
  -9.4800000e+02   1.1944284e-01   1.4058734e+00
  -9.4700000e+02   1.9322197e-01   1.2726755e+00
  -9.4600000e+02   2.3831577e-01   1.1956397e+00
  -9.4500000e+02   2.6287231e-01   1.1648895e+00
  -9.4400000e+02   3.0928919e-01   1.1755832e+00
  -9.4300000e+02   3.7304553e-01   1.2503645e+00
  -9.4200000e+02   4.1663754e-01   1.3667712e+00
  -9.4100000e+02   5.0595609e-01   1.5195975e+00
  -9.4000000e+02   4.7880163e-01   1.4772605e+00
  -9.3900000e+02   3.6240708e-01   1.3349926e+00
  -9.3800000e+02   2.3712701e-01   1.1938708e+00
  -9.3700000e+02   1.6825407e-01   1.1640585e+00
  -9.3600000e+02   1.3388259e-01   1.1234464e+00
  -9.3500000e+02   1.3394435e-01   1.1324802e+00
  -9.3400000e+02   1.8549831e-01   1.2087724e+00
  -9.3300000e+02   1.8539096e-01   1.1801786e+00
  -9.3200000e+02   2.2212936e-01   1.1189922e+00
  -9.3100000e+02   3.1037133e-01   1.1358521e+00
  -9.3000000e+02   3.9610804e-01   1.1689629e+00
  -9.2900000e+02   4.5859872e-01   1.3541103e+00
  -9.2800000e+02   3.4302745e-01   1.3469047e+00
  -9.2700000e+02   1.7232236e-01   1.5074504e+00
  -9.2600000e+02   1.5029812e-01   1.3434803e+00
  -9.2500000e+02   1.1293471e-01   1.3220153e+00
  -9.2400000e+02   1.3423776e-01   1.3159472e+00
  -9.2300000e+02   1.6393672e-01   1.3100308e+00
  -9.2200000e+02   1.6227356e-01   1.2767360e+00
  -9.2100000e+02   1.2382571e-01   1.2050448e+00
  -9.2000000e+02   1.3932306e-01   1.1247164e+00
  -9.1900000e+02   2.1584124e-01   1.0887937e+00
  -9.1800000e+02   2.9651082e-01   1.1021768e+00
  -9.1700000e+02   3.2422028e-01   1.1428199e+00
  -9.1600000e+02   2.5395835e-01   1.1993259e+00
  -9.1500000e+02   1.2054871e-01   1.3252490e+00
  -9.1400000e+02   4.9925636e-02   1.3134886e+00
  -9.1300000e+02   1.0710972e-01   1.2030225e+00
  -9.1200000e+02   1.9885062e-01   1.1641972e+00
  -9.1100000e+02   2.1054845e-01   1.1630894e+00
  -9.1000000e+02   1.3627967e-01   1.1741679e+00
  -9.0900000e+02   1.1032739e-01   1.2482613e+00
  -9.0800000e+02   8.5857759e-03   1.3584989e+00
  -9.0700000e+02   8.2770545e-02   1.3780405e+00
  -9.0600000e+02   1.6291224e-01   1.4019448e+00
  -9.0500000e+02   1.9785573e-01   1.3874169e+00
  -9.0400000e+02   2.2398184e-01   1.4481122e+00
  -9.0300000e+02   2.6993539e-01   1.4942422e+00
  -9.0200000e+02   3.7948005e-01   1.5705173e+00
  -9.0100000e+02   4.4387787e-01   1.5854828e+00
  -9.0000000e+02   3.8142531e-01   1.3843510e+00
  -8.9900000e+02   3.9489455e-01   1.3325247e+00
  -8.9800000e+02   4.3811294e-01   1.4078448e+00
  -8.9700000e+02   3.8929660e-01   1.3668984e+00
  -8.9600000e+02   3.0721931e-01   1.3556568e+00
  -8.9500000e+02   2.6327705e-01   1.4285321e+00
  -8.9400000e+02   2.6889884e-01   1.5709117e+00
  -8.9300000e+02   3.2838318e-01   1.7083471e+00
  -8.9200000e+02   3.5966579e-01   1.8289530e+00
  -8.9100000e+02   3.5023272e-01   1.8433380e+00
  -8.9000000e+02   3.7935133e-01   1.7103957e+00
  -8.8900000e+02   3.8636981e-01   1.6704436e+00
  -8.8800000e+02   4.3382227e-01   1.5930071e+00
  -8.8700000e+02   5.1709628e-01   1.4986036e+00
  -8.8600000e+02   5.8158595e-01   1.4112486e+00
  -8.8500000e+02   5.5939110e-01   1.3334475e+00
  -8.8400000e+02   4.8347727e-01   1.2792818e+00
  -8.8300000e+02   4.1648473e-01   1.2895621e+00
  -8.8200000e+02   4.4940003e-01   1.2985433e+00
  -8.8100000e+02   5.4652202e-01   1.3224348e+00
  -8.8000000e+02   5.4945232e-01   1.2895413e+00
  -8.7900000e+02   4.7988087e-01   1.2684040e+00
  -8.7800000e+02   3.2766402e-01   1.2048328e+00
  -8.7700000e+02   1.7974306e-01   1.2457450e+00
  -8.7600000e+02   3.0158442e-02   1.4247172e+00
  -8.7500000e+02   1.1275049e-01   1.3648079e+00
  -8.7400000e+02   1.1256268e-01   1.2743414e+00
  -8.7300000e+02  -2.0317270e-02   1.2101187e+00
  -8.7200000e+02  -1.1581214e-01   1.1973206e+00
  -8.7100000e+02  -4.7307873e-02   9.6722135e-01
  -8.7000000e+02   2.4519187e-02   9.3843424e-01
  -8.6900000e+02   1.1031196e-01   9.6679665e-01
  -8.6800000e+02   1.6299023e-01   1.0351960e+00
  -8.6700000e+02   1.6012985e-01   1.0946935e+00
  -8.6600000e+02   1.5851142e-01   1.0448131e+00
  -8.6500000e+02   1.2205798e-01   1.0884845e+00
  -8.6400000e+02   1.2140823e-01   1.2733000e+00
  -8.6300000e+02   9.0775856e-02   1.6041341e+00
  -8.6200000e+02   7.0266604e-02   1.5500079e+00
  -8.6100000e+02  -4.3645337e-02   1.5371443e+00
  -8.6000000e+02  -1.1638384e-01   1.6045642e+00
  -8.5900000e+02   3.4275742e-02   1.2292586e+00
  -8.5800000e+02   1.1563468e-01   1.1306219e+00
  -8.5700000e+02   1.6050302e-01   1.1229443e+00
  -8.5600000e+02   1.5699282e-01   1.1602921e+00
  -8.5500000e+02   1.3896310e-01   1.1650420e+00
  -8.5400000e+02   7.9521879e-02   1.1420604e+00
  -8.5300000e+02   8.7942222e-02   1.1743570e+00
  -8.5200000e+02   1.2306156e-01   1.1742225e+00
  -8.5100000e+02   1.7936729e-01   1.1920403e+00
  -8.5000000e+02   1.5562029e-01   1.2886009e+00
  -8.4900000e+02   7.6760490e-02   1.2555599e+00
  -8.4800000e+02  -2.2216856e-02   1.2622973e+00
  -8.4700000e+02  -6.3945184e-02   1.3335456e+00
  -8.4600000e+02   9.8610529e-02   1.1635556e+00
  -8.4500000e+02   2.0496477e-01   1.2253668e+00
  -8.4400000e+02   3.2187952e-01   1.3722666e+00
  -8.4300000e+02   2.8692514e-01   1.2813673e+00
  -8.4200000e+02   2.9428298e-01   1.2999761e+00
  -8.4100000e+02   3.4346623e-01   1.3213470e+00
  -8.4000000e+02   4.5759608e-01   1.3905756e+00
  -8.3900000e+02   4.3916098e-01   1.3432575e+00
  -8.3800000e+02   4.0795753e-01   1.4169797e+00
  -8.3700000e+02   3.0343517e-01   1.4460867e+00
  -8.3600000e+02   1.8950721e-01   1.3726579e+00
  -8.3500000e+02   1.7408386e-01   1.2406320e+00
  -8.3400000e+02   1.9396637e-01   1.2189632e+00
  -8.3300000e+02   2.6567593e-01   1.2498637e+00
  -8.3200000e+02   3.1687942e-01   1.2939567e+00
  -8.3100000e+02   2.2739907e-01   1.2909740e+00
  -8.3000000e+02   1.6571459e-01   1.3030329e+00
  -8.2900000e+02   1.4691215e-01   1.2915819e+00
  -8.2800000e+02   1.5515798e-01   1.2863438e+00
  -8.2700000e+02   1.5326725e-01   1.3141078e+00
  -8.2600000e+02   1.5869988e-01   1.3587493e+00
  -8.2500000e+02   1.0195911e-01   1.3848999e+00
  -8.2400000e+02   6.2563343e-02   1.4001290e+00
  -8.2300000e+02   1.7829740e-01   1.2692132e+00
  -8.2200000e+02   2.8264860e-01   1.1705652e+00
  -8.2100000e+02   3.5000460e-01   1.1642982e+00
  -8.2000000e+02   3.7123577e-01   1.1621213e+00
  -8.1900000e+02   3.4934904e-01   1.1619792e+00
  -8.1800000e+02   3.8651600e-01   1.1060811e+00
  -8.1700000e+02   4.2210649e-01   1.0167539e+00
  -8.1600000e+02   4.4175624e-01   9.5763659e-01
  -8.1500000e+02   4.4324954e-01   8.8856544e-01
  -8.1400000e+02   3.9940989e-01   8.6959261e-01
  -8.1300000e+02   3.6704109e-01   8.2742565e-01
  -8.1200000e+02   3.4518487e-01   7.3333427e-01
  -8.1100000e+02   3.2086618e-01   6.7719511e-01
  -8.1000000e+02   3.3265103e-01   6.8831212e-01
  -8.0900000e+02   3.8842478e-01   6.7936576e-01
  -8.0800000e+02   4.4616612e-01   6.2565695e-01
  -8.0700000e+02   4.9256427e-01   6.1610099e-01
  -8.0600000e+02   5.8815611e-01   6.8267665e-01
  -8.0500000e+02   5.9190602e-01   7.0750725e-01
  -8.0400000e+02   5.3450722e-01   7.1822646e-01
  -8.0300000e+02   5.5259048e-01   7.7202299e-01
  -8.0200000e+02   5.5002093e-01   6.9817487e-01
  -8.0100000e+02   5.2298005e-01   5.7586261e-01
  -8.0000000e+02   4.7616576e-01   5.4000606e-01
  -7.9900000e+02   3.5451975e-01   5.0541265e-01
  -7.9800000e+02   2.4841830e-01   5.2918753e-01
  -7.9700000e+02   1.9603100e-01   5.8179738e-01
  -7.9600000e+02   1.7860702e-01   6.4304090e-01
  -7.9500000e+02   2.0614706e-01   6.7039490e-01
  -7.9400000e+02   2.3310846e-01   7.2987715e-01
  -7.9300000e+02   2.1996785e-01   7.9614443e-01
  -7.9200000e+02   2.3237053e-01   7.8209780e-01
  -7.9100000e+02   2.4279495e-01   8.3703459e-01
  -7.9000000e+02   3.0258218e-01   8.7610963e-01
  -7.8900000e+02   3.1007739e-01   8.7303167e-01
  -7.8800000e+02   2.9395706e-01   9.5175400e-01
  -7.8700000e+02   2.9672484e-01   1.0053786e+00
  -7.8600000e+02   3.1008861e-01   1.0223737e+00
  -7.8500000e+02   3.5185215e-01   1.0280274e+00
  -7.8400000e+02   4.3237282e-01   1.0279657e+00
  -7.8300000e+02   4.5086838e-01   1.0697214e+00
  -7.8200000e+02   4.8251523e-01   1.1778484e+00
  -7.8100000e+02   5.1303190e-01   1.2943591e+00
  -7.8000000e+02   5.1917474e-01   1.0398667e+00
  -7.7900000e+02   4.9635905e-01   9.3828774e-01
  -7.7800000e+02   4.2263064e-01   9.5163167e-01
  -7.7700000e+02   3.6231841e-01   1.0541193e+00
  -7.7600000e+02   4.1181761e-01   1.0068632e+00
  -7.7500000e+02   4.2177668e-01   1.0438299e+00
  -7.7400000e+02   4.2475245e-01   9.9513220e-01
  -7.7300000e+02   4.1180714e-01   9.7209324e-01
  -7.7200000e+02   4.0223370e-01   1.0170037e+00
  -7.7100000e+02   4.0408618e-01   1.0268298e+00
  -7.7000000e+02   3.4779874e-01   9.4558895e-01
  -7.6900000e+02   3.2360072e-01   9.1533729e-01
  -7.6800000e+02   3.4113985e-01   9.3018457e-01
  -7.6700000e+02   3.2076318e-01   1.0601019e+00
  -7.6600000e+02   3.5589489e-01   1.1888986e+00
  -7.6500000e+02   4.0067577e-01   1.0261741e+00
  -7.6400000e+02   4.0471281e-01   9.4771228e-01
  -7.6300000e+02   4.1670762e-01   9.5710262e-01
  -7.6200000e+02   4.2145005e-01   1.0315397e+00
  -7.6100000e+02   3.5294159e-01   1.1521116e+00
  -7.6000000e+02   2.7082058e-01   1.2065655e+00
  -7.5900000e+02   1.9781494e-01   1.2561606e+00
  -7.5800000e+02   2.6658437e-01   1.0956285e+00
  -7.5700000e+02   3.0480205e-01   1.0158375e+00
  -7.5600000e+02   3.3462976e-01   1.0024793e+00
  -7.5500000e+02   3.7188876e-01   1.0961057e+00
  -7.5400000e+02   3.2713405e-01   1.0562457e+00
  -7.5300000e+02   2.6175325e-01   1.0260296e+00
  -7.5200000e+02   2.2584978e-01   1.0251534e+00
  -7.5100000e+02   2.7859873e-01   1.0456559e+00
  -7.5000000e+02   3.5743286e-01   1.1140250e+00
  -7.4900000e+02   4.0356445e-01   1.1993108e+00
  -7.4800000e+02   4.0369568e-01   1.2369231e+00
  -7.4700000e+02   3.6076738e-01   1.1026109e+00
  -7.4600000e+02   3.0179840e-01   1.1250642e+00
  -7.4500000e+02   3.2661314e-01   1.1143861e+00
  -7.4400000e+02   4.3174363e-01   1.1592804e+00
  -7.4300000e+02   4.7892471e-01   1.1093991e+00
  -7.4200000e+02   4.8080410e-01   1.0117326e+00
  -7.4100000e+02   5.1982077e-01   9.6449968e-01
  -7.4000000e+02   5.6217045e-01   9.6800780e-01
  -7.3900000e+02   6.4579905e-01   1.0076625e+00
  -7.3800000e+02   7.3374202e-01   1.0798400e+00
  -7.3700000e+02   7.1348116e-01   1.0768122e+00
  -7.3600000e+02   5.9505971e-01   1.0252015e+00
  -7.3500000e+02   4.5670926e-01   9.7704394e-01
  -7.3400000e+02   4.7110505e-01   7.8699711e-01
  -7.3300000e+02   5.0977148e-01   7.4003802e-01
  -7.3200000e+02   5.9731989e-01   8.3402039e-01
  -7.3100000e+02   6.6721284e-01   8.7678042e-01
  -7.3000000e+02   5.7982461e-01   6.9779455e-01
  -7.2900000e+02   5.4965090e-01   6.5328179e-01
  -7.2800000e+02   5.4542714e-01   6.6409626e-01
  -7.2700000e+02   6.0248752e-01   6.8419028e-01
  -7.2600000e+02   6.8909174e-01   7.1435473e-01
  -7.2500000e+02   6.8873948e-01   6.9456303e-01
  -7.2400000e+02   6.5203084e-01   6.9705965e-01
  -7.2300000e+02   6.0208143e-01   8.3108248e-01
  -7.2200000e+02   4.4003675e-01   8.7298819e-01
  -7.2100000e+02   3.5907091e-01   9.9448186e-01
  -7.2000000e+02   3.8456519e-01   1.0241694e+00
  -7.1900000e+02   4.5966100e-01   1.0556342e+00
  -7.1800000e+02   4.7148517e-01   9.3640767e-01
  -7.1700000e+02   4.0672212e-01   8.2932715e-01
  -7.1600000e+02   4.6974516e-01   7.9356558e-01
  -7.1500000e+02   5.5371015e-01   8.4006445e-01
  -7.1400000e+02   6.1945497e-01   8.5662090e-01
  -7.1300000e+02   6.0481233e-01   8.9634064e-01
  -7.1200000e+02   5.8519320e-01   9.4776996e-01
  -7.1100000e+02   5.9886839e-01   9.4666383e-01
  -7.1000000e+02   5.3013529e-01   9.5162944e-01
  -7.0900000e+02   4.6403689e-01   9.8100826e-01
  -7.0800000e+02   4.2334733e-01   9.6791510e-01
  -7.0700000e+02   3.9984583e-01   9.5224248e-01
  -7.0600000e+02   3.9563003e-01   9.5410744e-01
  -7.0500000e+02   4.0868578e-01   9.9764680e-01
  -7.0400000e+02   3.7571639e-01   9.1572452e-01
  -7.0300000e+02   3.5180839e-01   9.3391182e-01
  -7.0200000e+02   3.5172245e-01   1.0154968e+00
  -7.0100000e+02   3.0537591e-01   1.0506243e+00
  -7.0000000e+02   3.4644518e-01   9.3225918e-01
  -6.9900000e+02   3.4988037e-01   8.9711818e-01
  -6.9800000e+02   3.2186471e-01   8.0922127e-01
  -6.9700000e+02   3.2607102e-01   7.7849554e-01
  -6.9600000e+02   3.6409108e-01   7.9599609e-01
  -6.9500000e+02   4.1670953e-01   8.4261414e-01
  -6.9400000e+02   4.9135583e-01   9.2693183e-01
  -6.9300000e+02   5.1740600e-01   9.8557617e-01
  -6.9200000e+02   4.3032796e-01   9.5726004e-01
  -6.9100000e+02   3.4590245e-01   1.0504951e+00
  -6.9000000e+02   3.0137276e-01   1.2363330e+00
  -6.8900000e+02   4.4763660e-01   1.1101016e+00
  -6.8800000e+02   5.3118882e-01   1.0676998e+00
  -6.8700000e+02   4.7176281e-01   9.8035353e-01
  -6.8600000e+02   3.7847575e-01   8.4820352e-01
  -6.8500000e+02   3.6386997e-01   7.3110266e-01
  -6.8400000e+02   4.0543827e-01   6.9489753e-01
  -6.8300000e+02   4.2260477e-01   6.2261929e-01
  -6.8200000e+02   5.0361895e-01   6.6249359e-01
  -6.8100000e+02   5.1879832e-01   7.2899365e-01
  -6.8000000e+02   5.1517136e-01   6.2746752e-01
  -6.7900000e+02   4.9921077e-01   5.6748949e-01
  -6.7800000e+02   5.2542360e-01   5.9177290e-01
  -6.7700000e+02   5.6637908e-01   5.9808734e-01
  -6.7600000e+02   6.2038482e-01   5.8453866e-01
  -6.7500000e+02   6.6908390e-01   5.8864950e-01
  -6.7400000e+02   7.4070352e-01   6.8199282e-01
  -6.7300000e+02   7.6352934e-01   7.5162582e-01
  -6.7200000e+02   6.8435260e-01   6.0374229e-01
  -6.7100000e+02   6.3176401e-01   6.1679177e-01
  -6.7000000e+02   6.0768596e-01   7.1681369e-01
  -6.6900000e+02   6.0822975e-01   7.5911510e-01
  -6.6800000e+02   5.5516123e-01   6.4207871e-01
  -6.6700000e+02   4.4049219e-01   6.4673902e-01
  -6.6600000e+02   3.9883735e-01   6.1972876e-01
  -6.6500000e+02   3.7357765e-01   6.1711868e-01
  -6.6400000e+02   3.6734661e-01   6.0900513e-01
  -6.6300000e+02   3.1751532e-01   5.8433493e-01
  -6.6200000e+02   2.4189437e-01   6.0758841e-01
  -6.6100000e+02   1.5189743e-01   6.3893524e-01
  -6.6000000e+02   6.3424553e-02   6.9128995e-01
  -6.5900000e+02  -8.2179147e-02   7.2719859e-01
  -6.5800000e+02  -1.2759654e-01   7.3804351e-01
  -6.5700000e+02  -4.2221682e-02   7.1703936e-01
  -6.5600000e+02  -1.0103352e-02   6.2455913e-01
  -6.5500000e+02  -6.6926574e-02   6.3476792e-01
  -6.5400000e+02  -8.3738224e-02   6.9979878e-01
  -6.5300000e+02  -1.7681173e-01   9.3428064e-01
  -6.5200000e+02  -8.6076232e-02   8.3434292e-01
  -6.5100000e+02  -2.9604066e-02   9.8995448e-01
  -6.5000000e+02   3.2992846e-02   8.7353854e-01
  -6.4900000e+02   1.0044502e-01   8.4156212e-01
  -6.4800000e+02   1.5940282e-01   8.3493941e-01
  -6.4700000e+02   1.1027502e-01   9.6530766e-01
  -6.4600000e+02   2.5686594e-01   8.9741557e-01
  -6.4500000e+02   3.2424447e-01   8.3043245e-01
  -6.4400000e+02   3.2148954e-01   7.2374792e-01
  -6.4300000e+02   3.1897644e-01   7.7317800e-01
  -6.4200000e+02   3.4004455e-01   9.0032234e-01
  -6.4100000e+02   2.9114272e-01   8.6749105e-01
  -6.4000000e+02   2.4564807e-01   8.6588258e-01
  -6.3900000e+02   2.5160240e-01   8.4583778e-01
  -6.3800000e+02   3.1220922e-01   9.3409095e-01
  -6.3700000e+02   3.5715484e-01   9.1755332e-01
  -6.3600000e+02   3.3429017e-01   8.7654803e-01
  -6.3500000e+02   3.4912989e-01   9.3493327e-01
  -6.3400000e+02   3.0581237e-01   1.0110937e+00
  -6.3300000e+02   3.1305262e-01   1.0340896e+00
  -6.3200000e+02   3.8343116e-01   9.9736429e-01
  -6.3100000e+02   4.1777674e-01   1.1107764e+00
  -6.3000000e+02   5.5059608e-01   1.0639303e+00
  -6.2900000e+02   6.0687889e-01   1.0419898e+00
  -6.2800000e+02   5.5276958e-01   9.6571572e-01
  -6.2700000e+02   5.4022111e-01   9.2763818e-01
  -6.2600000e+02   5.4041559e-01   8.7674574e-01
  -6.2500000e+02   6.1075678e-01   9.2604780e-01
  -6.2400000e+02   7.0126899e-01   9.9445708e-01
  -6.2300000e+02   7.0394643e-01   1.0137713e+00
  -6.2200000e+02   6.5015877e-01   1.0341246e+00
  -6.2100000e+02   5.2906054e-01   1.0907595e+00
  -6.2000000e+02   4.5721315e-01   1.1373289e+00
  -6.1900000e+02   3.5946332e-01   1.3088168e+00
  -6.1800000e+02   4.4867065e-01   1.1959714e+00
  -6.1700000e+02   5.2353029e-01   1.2464419e+00
  -6.1600000e+02   5.1956298e-01   1.1407210e+00
  -6.1500000e+02   4.8582215e-01   9.8940168e-01
  -6.1400000e+02   4.7013307e-01   9.1741938e-01
  -6.1300000e+02   5.3035950e-01   9.2368125e-01
  -6.1200000e+02   6.8616811e-01   1.0323404e+00
  -6.1100000e+02   7.1137709e-01   1.0179695e+00
  -6.1000000e+02   6.9867069e-01   1.0318258e+00
  -6.0900000e+02   5.9684161e-01   1.0085647e+00
  -6.0800000e+02   5.3920015e-01   1.1086507e+00
  -6.0700000e+02   5.8579124e-01   1.0690177e+00
  -6.0600000e+02   6.4275417e-01   1.1667531e+00
  -6.0500000e+02   6.5065114e-01   1.1882904e+00
  -6.0400000e+02   5.9533273e-01   1.0728922e+00
  -6.0300000e+02   5.7941439e-01   9.9931878e-01
  -6.0200000e+02   5.8270310e-01   9.4003426e-01
  -6.0100000e+02   6.7670553e-01   8.9313849e-01
  -6.0000000e+02   7.7389610e-01   8.9785850e-01
  -5.9900000e+02   8.5680611e-01   8.9246772e-01
  -5.9800000e+02   8.9192251e-01   8.3381726e-01
  -5.9700000e+02   8.7134593e-01   8.4856002e-01
  -5.9600000e+02   8.1041776e-01   8.9193411e-01
  -5.9500000e+02   7.3668477e-01   9.2713740e-01
  -5.9400000e+02   7.3027075e-01   1.0084267e+00
  -5.9300000e+02   8.1538263e-01   1.0961699e+00
  -5.9200000e+02   8.1449101e-01   9.6669408e-01
  -5.9100000e+02   7.4705757e-01   9.0198166e-01
  -5.9000000e+02   6.0046555e-01   8.2692934e-01
  -5.8900000e+02   4.8022534e-01   8.1803208e-01
  -5.8800000e+02   4.6381437e-01   8.1335129e-01
  -5.8700000e+02   4.6576921e-01   8.8944332e-01
  -5.8600000e+02   5.1350006e-01   1.0874120e+00
  -5.8500000e+02   5.8369282e-01   1.0370625e+00
  -5.8400000e+02   5.8269789e-01   9.9410104e-01
  -5.8300000e+02   5.1554379e-01   9.8241297e-01
  -5.8200000e+02   4.3978096e-01   9.9272669e-01
  -5.8100000e+02   3.7511154e-01   1.0809273e+00
  -5.8000000e+02   3.9985380e-01   1.1379066e+00
  -5.7900000e+02   4.3874516e-01   1.1358602e+00
  -5.7800000e+02   3.7105050e-01   1.0470581e+00
  -5.7700000e+02   3.2554105e-01   1.0155016e+00
  -5.7600000e+02   3.0624805e-01   1.0121530e+00
  -5.7500000e+02   3.1022248e-01   1.0371924e+00
  -5.7400000e+02   3.3578366e-01   1.1051980e+00
  -5.7300000e+02   3.0049690e-01   1.0522585e+00
  -5.7200000e+02   2.4898316e-01   1.0496781e+00
  -5.7100000e+02   1.8068781e-01   1.1219238e+00
  -5.7000000e+02   1.2274412e-01   1.2304711e+00
  -5.6900000e+02   6.9190223e-02   1.3281403e+00
  -5.6800000e+02   4.7842032e-02   1.3968930e+00
  -5.6700000e+02   3.4798482e-02   1.4911789e+00
  -5.6600000e+02   2.2494848e-02   1.2174360e+00
  -5.6500000e+02   1.0942994e-02   1.1424788e+00
  -5.6400000e+02   2.3853440e-02   1.1290376e+00
  -5.6300000e+02   5.7445353e-02   1.1720654e+00
  -5.6200000e+02   1.1451271e-01   1.2293526e+00
  -5.6100000e+02   1.1697848e-01   1.1388558e+00
  -5.6000000e+02   1.1867441e-01   1.0727565e+00
  -5.5900000e+02   1.3559573e-01   1.0625208e+00
  -5.5800000e+02   1.6477446e-01   1.0975087e+00
  -5.5700000e+02   1.9707029e-01   1.1841349e+00
  -5.5600000e+02   3.0562975e-01   1.1688745e+00
  -5.5500000e+02   3.9399879e-01   1.1630512e+00
  -5.5400000e+02   3.4403541e-01   1.1249319e+00
  -5.5300000e+02   3.9741166e-01   1.0942529e+00
  -5.5200000e+02   5.3382427e-01   1.1235252e+00
  -5.5100000e+02   5.4060847e-01   1.1508698e+00
  -5.5000000e+02   4.8903480e-01   1.0400710e+00
  -5.4900000e+02   3.8134174e-01   9.4472169e-01
  -5.4800000e+02   3.5489531e-01   9.4531921e-01
  -5.4700000e+02   3.3284853e-01   1.0297551e+00
  -5.4600000e+02   3.1901724e-01   1.2026760e+00
  -5.4500000e+02   2.8278461e-01   1.3596120e+00
  -5.4400000e+02   2.8059583e-01   1.3893091e+00
  -5.4300000e+02   2.6694801e-01   1.4642726e+00
  -5.4200000e+02   3.2569950e-01   1.4450898e+00
  -5.4100000e+02   3.7640053e-01   1.4035511e+00
  -5.4000000e+02   3.4098912e-01   1.5073567e+00
  -5.3900000e+02   3.9956740e-01   1.3173376e+00
  -5.3800000e+02   4.3542964e-01   1.3018857e+00
  -5.3700000e+02   3.8307575e-01   1.4403402e+00
  -5.3600000e+02   3.2301787e-01   1.5637293e+00
  -5.3500000e+02   3.0729013e-01   1.6865517e+00
  -5.3400000e+02   3.5864138e-01   1.7668899e+00
  -5.3300000e+02   3.7592433e-01   1.6272459e+00
  -5.3200000e+02   5.0172746e-01   1.5262375e+00
  -5.3100000e+02   6.4157410e-01   1.5110289e+00
  -5.3000000e+02   6.3751310e-01   1.4106041e+00
  -5.2900000e+02   5.2495233e-01   1.3719405e+00
  -5.2800000e+02   4.2386008e-01   1.4507493e+00
  -5.2700000e+02   3.1845534e-01   1.5018827e+00
  -5.2600000e+02   3.8010423e-01   1.6798254e+00
  -5.2500000e+02   1.8650847e-01   1.4523662e+00
  -5.2400000e+02   2.1106659e-01   1.3039248e+00
  -5.2300000e+02   2.5604532e-01   1.2608691e+00
  -5.2200000e+02   2.8604840e-01   1.2109892e+00
  -5.2100000e+02   3.6365047e-01   1.2256658e+00
  -5.2000000e+02   4.0599087e-01   1.2812705e+00
  -5.1900000e+02   4.4253595e-01   1.4340871e+00
  -5.1800000e+02   4.4284776e-01   1.4906427e+00
  -5.1700000e+02   3.8628276e-01   1.3631214e+00
  -5.1600000e+02   4.3480100e-01   1.3453209e+00
  -5.1500000e+02   5.2428517e-01   1.3990905e+00
  -5.1400000e+02   4.7751094e-01   1.3838728e+00
  -5.1300000e+02   4.1965320e-01   1.4761774e+00
  -5.1200000e+02   4.5418579e-01   1.5455892e+00
  -5.1100000e+02   5.7683805e-01   1.3847406e+00
  -5.1000000e+02   6.5023625e-01   1.3084961e+00
  -5.0900000e+02   6.6684506e-01   1.2245877e+00
  -5.0800000e+02   7.1296398e-01   1.2460727e+00
  -5.0700000e+02   6.6465885e-01   1.2183171e+00
  -5.0600000e+02   6.1322215e-01   1.2080917e+00
  -5.0500000e+02   5.5343344e-01   1.2314801e+00
  -5.0400000e+02   5.9640625e-01   1.2035972e+00
  -5.0300000e+02   5.5425362e-01   1.1946428e+00
  -5.0200000e+02   4.6226595e-01   1.1926694e+00
  -5.0100000e+02   4.3986430e-01   1.0858007e+00
  -5.0000000e+02   4.7292547e-01   1.0099429e+00
  -4.9900000e+02   5.2418778e-01   9.7093410e-01
  -4.9800000e+02   6.0668048e-01   1.0108645e+00
  -4.9700000e+02   6.0815639e-01   1.0012877e+00
  -4.9600000e+02   6.2078054e-01   1.0434272e+00
  -4.9500000e+02   6.9904957e-01   1.1008027e+00
  -4.9400000e+02   8.0308816e-01   1.1863895e+00
  -4.9300000e+02   8.0942013e-01   1.0896722e+00
  -4.9200000e+02   8.8322018e-01   1.0501348e+00
  -4.9100000e+02   9.4390053e-01   9.7696912e-01
  -4.9000000e+02   1.0366198e+00   9.2679951e-01
  -4.8900000e+02   1.0300652e+00   9.1283469e-01
  -4.8800000e+02   9.2950089e-01   9.3229706e-01
  -4.8700000e+02   8.4803030e-01   9.1157717e-01
  -4.8600000e+02   8.3766291e-01   8.8067972e-01
  -4.8500000e+02   8.6903089e-01   8.7321633e-01
  -4.8400000e+02   9.4230267e-01   9.0145744e-01
  -4.8300000e+02   9.5744444e-01   9.7336760e-01
  -4.8200000e+02   1.0273787e+00   1.1084924e+00
  -4.8100000e+02   9.1719891e-01   8.3597591e-01
  -4.8000000e+02   9.3585392e-01   8.2793740e-01
  -4.7900000e+02   7.6958033e-01   7.2606325e-01
  -4.7800000e+02   6.3212451e-01   7.6041466e-01
  -4.7700000e+02   4.5283613e-01   8.9318091e-01
  -4.7600000e+02   4.2043253e-01   8.7745343e-01
  -4.7500000e+02   4.1478720e-01   7.8491136e-01
  -4.7400000e+02   3.8756743e-01   8.3073113e-01
  -4.7300000e+02   3.2743887e-01   8.8430403e-01
  -4.7200000e+02   3.3729094e-01   9.2908315e-01
  -4.7100000e+02   3.7459957e-01   9.5854850e-01
  -4.7000000e+02   4.2268780e-01   1.0116275e+00
  -4.6900000e+02   4.2034869e-01   1.0863421e+00
  -4.6800000e+02   3.9886855e-01   1.1330775e+00
  -4.6700000e+02   3.9663178e-01   1.1591081e+00
  -4.6600000e+02   3.6487146e-01   1.1063225e+00
  -4.6500000e+02   3.4171881e-01   1.0780443e+00
  -4.6400000e+02   3.4792393e-01   1.0087241e+00
  -4.6300000e+02   3.1491277e-01   8.6662245e-01
  -4.6200000e+02   3.1160107e-01   7.7005803e-01
  -4.6100000e+02   3.4731359e-01   6.8920666e-01
  -4.6000000e+02   3.8065660e-01   6.6047661e-01
  -4.5900000e+02   3.8647395e-01   6.3720854e-01
  -4.5800000e+02   3.7144793e-01   6.5742854e-01
  -4.5700000e+02   3.9171694e-01   7.2961167e-01
  -4.5600000e+02   4.7490936e-01   8.8841090e-01
  -4.5500000e+02   4.7359802e-01   9.3711612e-01
  -4.5400000e+02   4.0727353e-01   9.1426180e-01
  -4.5300000e+02   3.3240659e-01   9.5801532e-01
  -4.5200000e+02   2.0821119e-01   1.0595306e+00
  -4.5100000e+02   1.8867958e-01   1.0276377e+00
  -4.5000000e+02   2.3393830e-01   1.0290450e+00
  -4.4900000e+02   1.7830960e-01   9.3104535e-01
  -4.4800000e+02   1.6779261e-01   8.9181548e-01
  -4.4700000e+02   1.5710157e-01   9.0630631e-01
  -4.4600000e+02   1.1146072e-01   9.9803227e-01
  -4.4500000e+02   8.0909879e-02   1.1268727e+00
  -4.4400000e+02   1.2604368e-01   1.1543903e+00
  -4.4300000e+02   1.8013028e-01   1.0965416e+00
  -4.4200000e+02   2.4208698e-01   1.0714047e+00
  -4.4100000e+02   3.4670984e-01   1.1329276e+00
  -4.4000000e+02   2.7321036e-01   1.2748666e+00
  -4.3900000e+02   4.1573651e-01   1.3274274e+00
  -4.3800000e+02   3.9430240e-01   1.1382690e+00
  -4.3700000e+02   3.7362028e-01   1.0945005e+00
  -4.3600000e+02   3.1981547e-01   1.1089189e+00
  -4.3500000e+02   3.3963634e-01   1.1897207e+00
  -4.3400000e+02   3.6371005e-01   1.1463334e+00
  -4.3300000e+02   4.3882661e-01   1.0864743e+00
  -4.3200000e+02   5.4118833e-01   9.9549030e-01
  -4.3100000e+02   6.3661344e-01   9.2830435e-01
  -4.3000000e+02   7.1550803e-01   9.7074342e-01
  -4.2900000e+02   7.7643899e-01   1.0655111e+00
  -4.2800000e+02   8.0219535e-01   1.1166502e+00
  -4.2700000e+02   6.9284829e-01   9.7040998e-01
  -4.2600000e+02   6.3400014e-01   1.0270679e+00
  -4.2500000e+02   5.0117737e-01   1.3027850e+00
  -4.2400000e+02   5.2380469e-01   1.1362063e+00
  -4.2300000e+02   5.0850471e-01   1.0640458e+00
  -4.2200000e+02   5.0073069e-01   1.0049821e+00
  -4.2100000e+02   5.0384493e-01   9.4632021e-01
  -4.2000000e+02   5.8694739e-01   9.8015340e-01
  -4.1900000e+02   5.8646806e-01   9.9903875e-01
  -4.1800000e+02   6.4112011e-01   1.0909586e+00
  -4.1700000e+02   7.0627730e-01   1.1965804e+00
  -4.1600000e+02   6.8243731e-01   1.1865223e+00
  -4.1500000e+02   6.4265048e-01   1.1963316e+00
  -4.1400000e+02   6.1244390e-01   1.1217315e+00
  -4.1300000e+02   6.3852967e-01   1.1292136e+00
  -4.1200000e+02   6.8717036e-01   1.2925653e+00
  -4.1100000e+02   5.5734115e-01   1.2156319e+00
  -4.1000000e+02   5.2482919e-01   1.2073579e+00
  -4.0900000e+02   4.6784262e-01   1.1085637e+00
  -4.0800000e+02   5.0623489e-01   1.1213431e+00
  -4.0700000e+02   5.2730082e-01   1.2668159e+00
  -4.0600000e+02   5.2805883e-01   1.3566549e+00
  -4.0500000e+02   5.7419554e-01   1.2836995e+00
  -4.0400000e+02   5.7367057e-01   1.3749121e+00
  -4.0300000e+02   5.6725331e-01   1.2953233e+00
  -4.0200000e+02   5.4611082e-01   1.2718591e+00
  -4.0100000e+02   5.2936531e-01   1.2631057e+00
  -4.0000000e+02   4.5660520e-01   1.2051874e+00
  -3.9900000e+02   4.2723329e-01   1.2351882e+00
  -3.9800000e+02   3.7951817e-01   1.1693716e+00
  -3.9700000e+02   3.2487846e-01   1.1287189e+00
  -3.9600000e+02   3.5579998e-01   1.0847718e+00
  -3.9500000e+02   4.0514803e-01   1.1012424e+00
  -3.9400000e+02   4.2344262e-01   1.0825478e+00
  -3.9300000e+02   4.3813023e-01   1.0853144e+00
  -3.9200000e+02   4.3354308e-01   1.1002253e+00
  -3.9100000e+02   4.2757983e-01   1.2001850e+00
  -3.9000000e+02   3.4921947e-01   1.0247578e+00
  -3.8900000e+02   3.0135279e-01   9.5461425e-01
  -3.8800000e+02   2.4783652e-01   9.4308006e-01
  -3.8700000e+02   2.2168507e-01   9.5613152e-01
  -3.8600000e+02   2.2317974e-01   8.8300703e-01
  -3.8500000e+02   2.6754771e-01   7.6546787e-01
  -3.8400000e+02   3.2606647e-01   6.8558389e-01
  -3.8300000e+02   3.6593989e-01   6.9175296e-01
  -3.8200000e+02   4.1174006e-01   7.9633381e-01
  -3.8100000e+02   4.7088106e-01   8.9241805e-01
  -3.8000000e+02   5.3976478e-01   8.5815205e-01
  -3.7900000e+02   5.7037104e-01   7.4384507e-01
  -3.7800000e+02   5.1958505e-01   6.4849956e-01
  -3.7700000e+02   4.9562501e-01   6.1100229e-01
  -3.7600000e+02   4.8001998e-01   6.4982366e-01
  -3.7500000e+02   4.5358982e-01   7.7276775e-01
  -3.7400000e+02   4.1353864e-01   8.2060131e-01
  -3.7300000e+02   4.2894968e-01   8.6661247e-01
  -3.7200000e+02   4.6198386e-01   8.6351540e-01
  -3.7100000e+02   5.0583872e-01   8.9991374e-01
  -3.7000000e+02   5.0134036e-01   8.9502198e-01
  -3.6900000e+02   4.7051825e-01   8.7497088e-01
  -3.6800000e+02   4.6996797e-01   8.8817748e-01
  -3.6700000e+02   4.5257483e-01   9.0699930e-01
  -3.6600000e+02   3.6301324e-01   8.2757506e-01
  -3.6500000e+02   2.9188664e-01   8.1615153e-01
  -3.6400000e+02   2.8005067e-01   8.1630007e-01
  -3.6300000e+02   2.9749016e-01   7.9756652e-01
  -3.6200000e+02   2.9149962e-01   6.7121820e-01
  -3.6100000e+02   2.9133587e-01   6.2138228e-01
  -3.6000000e+02   2.7926848e-01   6.8106377e-01
  -3.5900000e+02   2.3537533e-01   7.5065157e-01
  -3.5800000e+02   1.6557655e-01   7.1702004e-01
  -3.5700000e+02   1.5498696e-01   6.6527923e-01
  -3.5600000e+02   1.7289539e-01   6.7267825e-01
  -3.5500000e+02   2.0663305e-01   7.3454444e-01
  -3.5400000e+02   2.7532046e-01   8.1951631e-01
  -3.5300000e+02   2.6648290e-01   8.6067097e-01
  -3.5200000e+02   2.3176401e-01   9.0695323e-01
  -3.5100000e+02   1.7398463e-01   9.2299144e-01
  -3.5000000e+02   9.9214631e-02   9.5691271e-01
  -3.4900000e+02  -1.6351085e-02   1.0570495e+00
  -3.4800000e+02  -4.5007378e-02   1.0612883e+00
  -3.4700000e+02  -4.3889085e-02   8.7934887e-01
  -3.4600000e+02  -3.5499746e-02   8.8147653e-01
  -3.4500000e+02  -7.5591899e-02   1.0035355e+00
  -3.4400000e+02   6.3560806e-02   7.5179165e-01
  -3.4300000e+02   1.6438858e-01   7.6129547e-01
  -3.4200000e+02   3.4959787e-01   9.9467289e-01
  -3.4100000e+02   2.6799717e-01   8.6700675e-01
  -3.4000000e+02   2.1036763e-01   9.7719682e-01
  -3.3900000e+02   1.7327627e-01   1.0155058e+00
  -3.3800000e+02   1.4474037e-01   9.3660984e-01
  -3.3700000e+02   1.3971373e-01   8.7740295e-01
  -3.3600000e+02   1.4080003e-01   9.1644094e-01
  -3.3500000e+02   1.4587378e-01   1.0819845e+00
  -3.3400000e+02   1.9331962e-01   1.1762916e+00
  -3.3300000e+02   3.1236985e-01   1.1260252e+00
  -3.3200000e+02   3.2407790e-01   1.1209818e+00
  -3.3100000e+02   4.2462592e-01   1.0178140e+00
  -3.3000000e+02   5.2930286e-01   1.0355595e+00
  -3.2900000e+02   6.3072885e-01   1.1557065e+00
  -3.2800000e+02   6.0539768e-01   1.1651206e+00
  -3.2700000e+02   5.5590381e-01   1.1658878e+00
  -3.2600000e+02   5.1043150e-01   1.1583145e+00
  -3.2500000e+02   4.7118985e-01   1.1876351e+00
  -3.2400000e+02   4.5492027e-01   1.2132317e+00
  -3.2300000e+02   4.1449941e-01   1.1616900e+00
  -3.2200000e+02   4.3000964e-01   1.1428267e+00
  -3.2100000e+02   4.5936128e-01   1.2280578e+00
  -3.2000000e+02   4.2723999e-01   1.2134891e+00
  -3.1900000e+02   3.3086057e-01   1.2413545e+00
  -3.1800000e+02   2.1836423e-01   1.5280338e+00
  -3.1700000e+02   3.7647213e-01   1.2023551e+00
  -3.1600000e+02   3.8621234e-01   1.2844238e+00
  -3.1500000e+02   2.8214427e-01   1.3884203e+00
  -3.1400000e+02   1.9904086e-01   1.4559511e+00
  -3.1300000e+02   1.6642364e-01   1.2789782e+00
  -3.1200000e+02   1.8693862e-01   1.1963247e+00
  -3.1100000e+02   2.2325165e-01   1.1442292e+00
  -3.1000000e+02   2.7867923e-01   1.1762066e+00
  -3.0900000e+02   3.1512352e-01   1.3243071e+00
  -3.0800000e+02   2.4559942e-01   1.3741338e+00
  -3.0700000e+02   2.2350918e-01   1.2800271e+00
  -3.0600000e+02   2.4896638e-01   1.1277987e+00
  -3.0500000e+02   2.9980092e-01   1.0550101e+00
  -3.0400000e+02   3.9079672e-01   1.0903715e+00
  -3.0300000e+02   3.4361703e-01   1.1067395e+00
  -3.0200000e+02   2.7352479e-01   1.1570919e+00
  -3.0100000e+02   1.2119912e-01   1.1608446e+00
  -3.0000000e+02  -7.4452745e-02   1.2225714e+00
  -2.9900000e+02  -2.5542488e-01   1.3887978e+00
  -2.9800000e+02  -2.7516851e-01   1.3481175e+00
  -2.9700000e+02  -2.4859710e-01   1.4429187e+00
  -2.9600000e+02  -3.0195764e-01   1.3217022e+00
  -2.9500000e+02  -2.4869069e-01   1.3029611e+00
  -2.9400000e+02  -2.1329107e-01   1.3272833e+00
  -2.9300000e+02  -1.5906044e-01   1.4257717e+00
  -2.9200000e+02  -6.2978968e-02   1.6277994e+00
  -2.9100000e+02  -7.6450983e-02   1.7896665e+00
  -2.9000000e+02  -8.2372227e-02   1.5846777e+00
  -2.8900000e+02  -7.4093910e-02   1.3919592e+00
  -2.8800000e+02  -4.6815980e-02   1.2879797e+00
  -2.8700000e+02  -6.2654087e-02   1.1635989e+00
  -2.8600000e+02  -5.2456193e-02   1.2002568e+00
  -2.8500000e+02   1.1562584e-02   1.1465426e+00
  -2.8400000e+02   1.5811343e-02   9.2553087e-01
  -2.8300000e+02   3.0989637e-02   8.3555545e-01
  -2.8200000e+02   6.0858790e-02   8.7020533e-01
  -2.8100000e+02   1.5736589e-01   1.0865954e+00
  -2.8000000e+02   2.4960059e-01   1.0925626e+00
  -2.7900000e+02   2.1412268e-01   1.0875252e+00
  -2.7800000e+02   1.7829909e-01   1.0299891e+00
  -2.7700000e+02   1.6114890e-01   1.0214800e+00
  -2.7600000e+02   8.9192598e-02   9.6074980e-01
  -2.7500000e+02   4.7947723e-02   9.2239490e-01
  -2.7400000e+02   1.9106592e-02   9.4191983e-01
  -2.7300000e+02   7.0723924e-03   9.8886799e-01
  -2.7200000e+02   8.1544522e-02   1.0215364e+00
  -2.7100000e+02   1.5340044e-01   1.0524978e+00
  -2.7000000e+02   2.2605463e-01   1.1732828e+00
  -2.6900000e+02   2.0442738e-01   1.1393296e+00
  -2.6800000e+02   1.8309869e-01   1.1045188e+00
  -2.6700000e+02   1.5527482e-01   1.0481693e+00
  -2.6600000e+02   1.2681659e-01   9.6179255e-01
  -2.6500000e+02   1.2074890e-01   8.8475979e-01
  -2.6400000e+02   8.0513879e-02   9.0480182e-01
  -2.6300000e+02  -3.7672815e-02   1.0428304e+00
  -2.6200000e+02  -4.0040176e-02   1.0080746e+00
  -2.6100000e+02  -8.0582714e-02   1.0736007e+00
  -2.6000000e+02  -1.2124658e-01   1.1701694e+00
  -2.5900000e+02  -1.4993523e-01   1.1879548e+00
  -2.5800000e+02  -7.2313871e-02   1.2661902e+00
  -2.5700000e+02  -7.5234023e-02   1.1738562e+00
  -2.5600000e+02  -1.2425831e-01   1.0468550e+00
  -2.5500000e+02  -1.5499018e-01   1.0526007e+00
  -2.5400000e+02  -2.2289339e-01   1.0953178e+00
  -2.5300000e+02  -2.5469044e-01   1.1381163e+00
  -2.5200000e+02  -1.7520480e-01   1.1077165e+00
  -2.5100000e+02  -1.4483183e-01   1.0938969e+00
  -2.5000000e+02  -1.0626884e-01   1.0831067e+00
  -2.4900000e+02   1.0737280e-02   1.0407837e+00
  -2.4800000e+02   9.0205651e-02   9.8329851e-01
  -2.4700000e+02   1.4170753e-01   9.2687692e-01
  -2.4600000e+02   1.8192394e-01   9.6712509e-01
  -2.4500000e+02   2.0082711e-01   1.0143356e+00
  -2.4400000e+02   1.1971387e-01   1.0405073e+00
  -2.4300000e+02   9.4065558e-02   1.0328132e+00
  -2.4200000e+02   8.4039223e-02   9.3052702e-01
  -2.4100000e+02   5.2200909e-02   8.9459839e-01
  -2.4000000e+02   7.0058063e-02   9.5268180e-01
  -2.3900000e+02   8.5959323e-02   1.0128189e+00
  -2.3800000e+02   1.4251252e-01   1.1530762e+00
  -2.3700000e+02   1.1764129e-01   1.0614019e+00
  -2.3600000e+02   1.5197310e-01   9.6708525e-01
  -2.3500000e+02   2.0103515e-01   1.0017129e+00
  -2.3400000e+02   2.4420670e-01   1.0830317e+00
  -2.3300000e+02   2.3272550e-01   1.0438382e+00
  -2.3200000e+02   1.9119561e-01   9.4235116e-01
  -2.3100000e+02   1.1948814e-01   8.5456439e-01
  -2.3000000e+02   1.3528783e-01   7.8237755e-01
  -2.2900000e+02   1.0976358e-01   9.2163202e-01
  -2.2800000e+02   1.8183441e-01   1.0340104e+00
  -2.2700000e+02   2.3216380e-01   8.7764565e-01
  -2.2600000e+02   2.4159618e-01   8.0675028e-01
  -2.2500000e+02   2.2851556e-01   8.0052036e-01
  -2.2400000e+02   2.1016467e-01   8.7824292e-01
  -2.2300000e+02   3.3934942e-01   8.5131791e-01
  -2.2200000e+02   3.8524592e-01   9.4648012e-01
  -2.2100000e+02   3.3017937e-01   8.5851327e-01
  -2.2000000e+02   3.1244528e-01   8.6559669e-01
  -2.1900000e+02   2.5531294e-01   9.7246682e-01
  -2.1800000e+02   2.4301656e-01   9.5215221e-01
  -2.1700000e+02   2.2278883e-01   1.0105570e+00
  -2.1600000e+02   2.5398057e-01   1.1600647e+00
  -2.1500000e+02   2.3741287e-01   1.1585586e+00
  -2.1400000e+02   1.6971336e-01   1.1693262e+00
  -2.1300000e+02   1.7002726e-01   1.1263365e+00
  -2.1200000e+02   1.9996294e-01   1.0677005e+00
  -2.1100000e+02   2.3246232e-01   1.0952974e+00
  -2.1000000e+02   2.8284478e-01   1.2202665e+00
  -2.0900000e+02   1.7481364e-01   1.2097981e+00
  -2.0800000e+02   1.2587902e-01   1.2121591e+00
  -2.0700000e+02   1.1648344e-02   1.3088899e+00
  -2.0600000e+02  -4.3625934e-02   1.2936239e+00
  -2.0500000e+02   6.9063765e-02   1.0759927e+00
  -2.0400000e+02   1.3740846e-01   1.0399724e+00
  -2.0300000e+02   1.7713708e-01   1.0105227e+00
  -2.0200000e+02   2.2107122e-01   1.0584391e+00
  -2.0100000e+02   2.0156590e-01   1.0620654e+00
  -2.0000000e+02   2.3248273e-01   1.0651604e+00
  -1.9900000e+02   2.5857094e-01   1.0863048e+00
  -1.9800000e+02   2.9339461e-01   1.2136537e+00
  -1.9700000e+02   2.6431442e-01   1.3249467e+00
  -1.9600000e+02   2.0221205e-01   1.3921426e+00
  -1.9500000e+02   1.1298716e-01   1.3428160e+00
  -1.9400000e+02   2.5186410e-02   1.2462145e+00
  -1.9300000e+02   4.5644703e-03   1.2442373e+00
  -1.9200000e+02   5.9392299e-02   1.2176143e+00
  -1.9100000e+02   8.4707409e-02   1.0681365e+00
  -1.9000000e+02  -2.1327103e-02   1.1679357e+00
  -1.8900000e+02   7.8427458e-02   1.1788968e+00
  -1.8800000e+02   1.0201441e-01   1.1223495e+00
  -1.8700000e+02   1.5980852e-01   1.0698126e+00
  -1.8600000e+02   2.5378903e-01   1.0763581e+00
  -1.8500000e+02   2.5416056e-01   1.1231947e+00
  -1.8400000e+02   1.1565183e-01   1.1998481e+00
  -1.8300000e+02   4.9849552e-02   1.0826963e+00
  -1.8200000e+02  -5.5702419e-02   9.8955260e-01
  -1.8100000e+02  -1.1593723e-01   9.1977808e-01
  -1.8000000e+02  -1.7419108e-01   9.5849398e-01
  -1.7900000e+02  -3.0378363e-01   1.1146467e+00
  -1.7800000e+02  -3.2537365e-01   1.3003088e+00
  -1.7700000e+02  -1.4858387e-01   1.0201929e+00
  -1.7600000e+02  -7.9759847e-03   8.4838307e-01
  -1.7500000e+02   9.7747703e-02   7.9674044e-01
  -1.7400000e+02   2.2232280e-01   9.1633856e-01
  -1.7300000e+02   2.5783017e-01   9.2953435e-01
  -1.7200000e+02   2.6370307e-01   9.9219191e-01
  -1.7100000e+02   2.2360121e-01   1.0091847e+00
  -1.7000000e+02   1.6512859e-01   9.3005326e-01
  -1.6900000e+02   1.1231125e-01   8.2899512e-01
  -1.6800000e+02   7.5809586e-02   8.2192555e-01
  -1.6700000e+02   7.1876308e-02   9.4373391e-01
  -1.6600000e+02   3.7049861e-02   1.1129882e+00
  -1.6500000e+02   1.6869428e-03   1.2045487e+00
  -1.6400000e+02   3.2428608e-02   1.4304420e+00
  -1.6300000e+02  -2.5718255e-02   1.2504892e+00
  -1.6200000e+02   3.7884774e-02   1.1815606e+00
  -1.6100000e+02   9.6362751e-02   1.1887681e+00
  -1.6000000e+02   1.6932520e-01   1.2143032e+00
  -1.5900000e+02   1.7991326e-01   1.1204531e+00
  -1.5800000e+02   1.8681138e-01   1.1083014e+00
  -1.5700000e+02   3.1024806e-01   1.0183944e+00
  -1.5600000e+02   3.1102793e-01   8.8394982e-01
  -1.5500000e+02   2.7232491e-01   8.4054845e-01
  -1.5400000e+02   1.9341628e-01   8.3684962e-01
  -1.5300000e+02   1.3676899e-01   8.8400495e-01
  -1.5200000e+02   9.3269319e-02   9.3939829e-01
  -1.5100000e+02   4.6094373e-02   9.5822329e-01
  -1.5000000e+02   5.2203026e-02   9.6349669e-01
  -1.4900000e+02   8.0612422e-02   9.5729806e-01
  -1.4800000e+02   1.1169330e-01   9.2480643e-01
  -1.4700000e+02   1.3049443e-01   8.7557904e-01
  -1.4600000e+02   1.5804891e-01   8.7832958e-01
  -1.4500000e+02   1.4192457e-01   8.7822453e-01
  -1.4400000e+02   1.1240086e-01   8.4362677e-01
  -1.4300000e+02   5.8453861e-02   8.8815282e-01
  -1.4200000e+02  -1.6811207e-02   9.9528869e-01
  -1.4100000e+02  -8.1295186e-02   1.0523221e+00
  -1.4000000e+02  -1.5587335e-02   1.0444902e+00
  -1.3900000e+02   5.4787716e-02   1.0846835e+00
  -1.3800000e+02   1.0820229e-01   1.2360936e+00
  -1.3700000e+02   1.0054998e-01   1.1420331e+00
  -1.3600000e+02   1.2952921e-01   1.1056238e+00
  -1.3500000e+02   1.7218750e-01   1.1899470e+00
  -1.3400000e+02   1.6920359e-01   1.3793130e+00
  -1.3300000e+02   2.0941268e-01   1.2803071e+00
  -1.3200000e+02   1.8043455e-01   1.2881713e+00
  -1.3100000e+02   1.8434657e-01   1.3491878e+00
  -1.3000000e+02   1.5893665e-01   1.3256772e+00
  -1.2900000e+02   5.0829573e-02   1.3761170e+00
  -1.2800000e+02   4.7562312e-02   1.2880058e+00
  -1.2700000e+02   3.2099706e-02   1.2374934e+00
  -1.2600000e+02   7.7748099e-02   1.1990699e+00
  -1.2500000e+02   1.6206306e-01   1.0845895e+00
  -1.2400000e+02   2.7181659e-01   1.0189656e+00
  -1.2300000e+02   4.0803795e-01   9.9269435e-01
  -1.2200000e+02   5.1351329e-01   9.6415471e-01
  -1.2100000e+02   5.3912771e-01   9.8332785e-01
  -1.2000000e+02   5.6026813e-01   1.0974315e+00
  -1.1900000e+02   6.0241003e-01   1.1862635e+00
  -1.1800000e+02   5.0535570e-01   1.1200617e+00
  -1.1700000e+02   3.7961067e-01   1.2292005e+00
  -1.1600000e+02   4.1317427e-01   1.0788571e+00
  -1.1500000e+02   4.1543313e-01   1.0807883e+00
  -1.1400000e+02   4.9173938e-01   1.1751296e+00
  -1.1300000e+02   4.7241099e-01   1.0316299e+00
  -1.1200000e+02   4.7754114e-01   9.5988271e-01
  -1.1100000e+02   5.0357812e-01   9.1186281e-01
  -1.1000000e+02   5.3078309e-01   8.8001369e-01
  -1.0900000e+02   6.0300186e-01   9.1383663e-01
  -1.0800000e+02   6.6765425e-01   9.8378116e-01
  -1.0700000e+02   6.4006007e-01   1.0044239e+00
  -1.0600000e+02   5.5294029e-01   1.0392488e+00
  -1.0500000e+02   5.5324598e-01   9.4038044e-01
  -1.0400000e+02   5.0317075e-01   9.5080510e-01
  -1.0300000e+02   4.7890394e-01   1.0333453e+00
  -1.0200000e+02   4.0650249e-01   9.7029849e-01
  -1.0100000e+02   3.9948716e-01   9.5897740e-01
  -1.0000000e+02   3.9473687e-01   9.1571730e-01
  -9.9000000e+01   4.3646679e-01   8.6111414e-01
  -9.8000000e+01   4.9857475e-01   8.2565514e-01
  -9.7000000e+01   5.8587980e-01   8.1339695e-01
  -9.6000000e+01   6.9811834e-01   8.5865395e-01
  -9.5000000e+01   6.8044239e-01   8.0347279e-01
  -9.4000000e+01   5.6771497e-01   7.8359435e-01
  -9.3000000e+01   5.0009248e-01   7.9296578e-01
  -9.2000000e+01   4.0450324e-01   7.6965167e-01
  -9.1000000e+01   3.3686554e-01   8.7000693e-01
  -9.0000000e+01   3.0966142e-01   9.9972602e-01
  -8.9000000e+01   3.4397018e-01   9.6762788e-01
  -8.8000000e+01   3.5391205e-01   9.3738745e-01
  -8.7000000e+01   3.7593701e-01   8.7910888e-01
  -8.6000000e+01   3.4693763e-01   8.6196487e-01
  -8.5000000e+01   3.6821359e-01   9.3817729e-01
  -8.4000000e+01   4.7518922e-01   1.1030987e+00
  -8.3000000e+01   4.7510911e-01   1.0764062e+00
  -8.2000000e+01   4.8241530e-01   1.0554410e+00
  -8.1000000e+01   4.7396509e-01   1.0377418e+00
  -8.0000000e+01   4.4657103e-01   1.0421881e+00
  -7.9000000e+01   3.9804073e-01   1.0922804e+00
  -7.8000000e+01   4.0228573e-01   1.2629501e+00
  -7.7000000e+01   3.5918113e-01   1.4049574e+00
  -7.6000000e+01   2.7418755e-01   1.4196869e+00
  -7.5000000e+01   1.1693854e-01   1.2986027e+00
  -7.4000000e+01  -1.5670301e-02   1.3141670e+00
  -7.3000000e+01  -9.5260520e-02   1.3489851e+00
  -7.2000000e+01  -1.1022935e-01   1.4013943e+00
  -7.1000000e+01  -1.3802576e-01   1.3117086e+00
  -7.0000000e+01  -1.0924633e-01   1.2259348e+00
  -6.9000000e+01  -5.5111020e-02   1.1803306e+00
  -6.8000000e+01  -6.1499781e-03   1.0275189e+00
  -6.7000000e+01   9.0785737e-02   9.2086283e-01
  -6.6000000e+01   1.7875581e-01   9.1523034e-01
  -6.5000000e+01   2.0509187e-01   1.0036113e+00
  -6.4000000e+01   2.1572930e-01   1.1247720e+00
  -6.3000000e+01   2.8588685e-01   1.3397341e+00
  -6.2000000e+01   2.1533681e-01   1.1774318e+00
  -6.1000000e+01   1.6118258e-01   1.0290634e+00
  -6.0000000e+01   1.1355336e-01   9.5830600e-01
  -5.9000000e+01   6.4950895e-02   9.5039743e-01
  -5.8000000e+01   3.9734595e-02   9.9057677e-01
  -5.7000000e+01   2.3922947e-03   1.0477919e+00
  -5.6000000e+01   3.3073315e-02   9.6260810e-01
  -5.5000000e+01   1.0897622e-01   8.7274135e-01
  -5.4000000e+01   1.4003816e-01   8.8826951e-01
  -5.3000000e+01   1.0617201e-01   1.0033283e+00
  -5.2000000e+01   3.3682154e-02   1.1998439e+00
  -5.1000000e+01   9.7188206e-02   9.6357021e-01
  -5.0000000e+01   1.3156527e-01   9.0392500e-01
  -4.9000000e+01   1.4113938e-01   9.2418471e-01
  -4.8000000e+01   1.5885322e-01   9.5132121e-01
  -4.7000000e+01   2.3575928e-01   9.5904750e-01
  -4.6000000e+01   3.2316254e-01   9.6667846e-01
  -4.5000000e+01   2.6237921e-01   7.7507016e-01
  -4.4000000e+01   2.5767605e-01   7.4210039e-01
  -4.3000000e+01   2.4457217e-01   8.1663413e-01
  -4.2000000e+01   2.8955169e-01   9.4366389e-01
  -4.1000000e+01   2.8900512e-01   1.0301959e+00
  -4.0000000e+01   2.8815015e-01   1.2760657e+00
  -3.9000000e+01   2.4819268e-01   1.2724085e+00
  -3.8000000e+01   3.7868064e-01   1.3216268e+00
  -3.7000000e+01   3.9372500e-01   1.0211304e+00
  -3.6000000e+01   4.6226992e-01   9.8471713e-01
  -3.5000000e+01   5.0934061e-01   1.0130898e+00
  -3.4000000e+01   5.4579147e-01   1.0221771e+00
  -3.3000000e+01   5.1449121e-01   9.1775140e-01
  -3.2000000e+01   5.3258464e-01   9.3420231e-01
  -3.1000000e+01   6.0366084e-01   1.0518197e+00
  -3.0000000e+01   8.6758364e-01   1.3469237e+00
  -2.9000000e+01   8.6256262e-01   1.2341458e+00
  -2.8000000e+01   8.6675942e-01   1.1441636e+00
  -2.7000000e+01   8.0928898e-01   1.0302455e+00
  -2.6000000e+01   9.1831599e-01   1.0304930e+00
  -2.5000000e+01   1.0073732e+00   8.6795369e-01
  -2.4000000e+01   1.0525137e+00   8.0241472e-01
  -2.3000000e+01   1.0168380e+00   6.9096418e-01
  -2.2000000e+01   1.0008355e+00   6.7523500e-01
  -2.1000000e+01   1.0040307e+00   6.5485910e-01
  -2.0000000e+01   1.0426044e+00   6.4926863e-01
  -1.9000000e+01   1.2056050e+00   8.2900118e-01
  -1.8000000e+01   1.2816711e+00   7.9846139e-01
  -1.7000000e+01   1.3375195e+00   8.0293816e-01
  -1.6000000e+01   1.4075306e+00   8.9878653e-01
  -1.5000000e+01   1.4113765e+00   8.7086985e-01
  -1.4000000e+01   1.3021304e+00   7.9222891e-01
  -1.3000000e+01   1.2155984e+00   7.2917368e-01
  -1.2000000e+01   1.2639519e+00   7.8650417e-01
  -1.1000000e+01   1.2509796e+00   7.1461717e-01
  -1.0000000e+01   1.2628722e+00   6.6462373e-01
  -9.0000000e+00   1.3682668e+00   6.5551460e-01
  -8.0000000e+00   1.3997301e+00   5.7433931e-01
  -7.0000000e+00   1.4012021e+00   5.5850939e-01
  -6.0000000e+00   1.4781462e+00   6.6678105e-01
  -5.0000000e+00   1.5137931e+00   7.7469024e-01
  -4.0000000e+00   1.4683129e+00   8.0374831e-01
  -3.0000000e+00   1.4770187e+00   7.4488784e-01
  -2.0000000e+00   1.6103686e+00   8.4186675e-01
  -1.0000000e+00   1.5829059e+00   4.7596971e-01
   0.0000000e+00   1.6139995e+00   4.7579466e-01
   1.0000000e+00   1.6288605e+00   4.9315636e-01
   2.0000000e+00   1.7413434e+00   5.8400348e-01
   3.0000000e+00   1.8926034e+00   6.5115045e-01
   4.0000000e+00   2.0361279e+00   5.6127089e-01
   5.0000000e+00   2.1995123e+00   4.6804697e-01
   6.0000000e+00   2.5158234e+00   6.3951347e-01
   7.0000000e+00   2.9887173e+00   9.1348507e-01
   8.0000000e+00   2.8823167e+00   6.8986461e-01
   9.0000000e+00   2.8221563e+00   6.3286016e-01
   1.0000000e+01   2.9242164e+00   9.9745111e-01
   1.1000000e+01   2.7640123e+00   8.4980050e-01
   1.2000000e+01   2.5063826e+00   6.2001412e-01
   1.3000000e+01   2.3556730e+00   5.0846548e-01
   1.4000000e+01   2.3304018e+00   5.2618467e-01
   1.5000000e+01   2.3666682e+00   5.9532462e-01
   1.6000000e+01   2.3663326e+00   5.7312871e-01
   1.7000000e+01   2.3725071e+00   7.1278766e-01
   1.8000000e+01   2.3221085e+00   7.0828468e-01
   1.9000000e+01   2.3314420e+00   7.3652728e-01
   2.0000000e+01   2.3246143e+00   7.1081879e-01
   2.1000000e+01   2.2355532e+00   6.4394468e-01
   2.2000000e+01   2.1990871e+00   6.5267532e-01
   2.3000000e+01   2.1929629e+00   6.9246721e-01
   2.4000000e+01   2.2011703e+00   6.9541015e-01
   2.5000000e+01   2.2025188e+00   6.4439025e-01
   2.6000000e+01   2.2687958e+00   6.4723587e-01
   2.7000000e+01   2.2676563e+00   6.9848147e-01
   2.8000000e+01   2.1915923e+00   6.9788456e-01
   2.9000000e+01   2.0827320e+00   7.0209875e-01
   3.0000000e+01   2.0645612e+00   6.9889351e-01
   3.1000000e+01   2.1255210e+00   6.8219062e-01
   3.2000000e+01   2.2320762e+00   7.3263059e-01
   3.3000000e+01   2.2112256e+00   7.1180366e-01
   3.4000000e+01   2.2586959e+00   7.6014168e-01
   3.5000000e+01   2.1974325e+00   7.2016174e-01
   3.6000000e+01   2.2228887e+00   7.3093699e-01
   3.7000000e+01   2.2774891e+00   7.4848966e-01
   3.8000000e+01   2.1665345e+00   8.0225239e-01
   3.9000000e+01   2.0491233e+00   8.8468439e-01
   4.0000000e+01   2.0337650e+00   9.2730405e-01
   4.1000000e+01   2.0020392e+00   9.2419214e-01
   4.2000000e+01   2.0110060e+00   9.7010694e-01
   4.3000000e+01   2.0143711e+00   1.0018842e+00
   4.4000000e+01   2.0352831e+00   9.6317354e-01
   4.5000000e+01   2.1084644e+00   8.9554232e-01
   4.6000000e+01   2.2130844e+00   8.0918882e-01
   4.7000000e+01   2.1809909e+00   7.7832419e-01
   4.8000000e+01   2.1634390e+00   7.9449542e-01
   4.9000000e+01   2.1122429e+00   8.1209170e-01
   5.0000000e+01   2.0742260e+00   8.3624018e-01
   5.1000000e+01   2.0746196e+00   8.4627441e-01
   5.2000000e+01   2.0981916e+00   8.2716278e-01
   5.3000000e+01   2.1220302e+00   7.7842488e-01
   5.4000000e+01   2.1478622e+00   7.2513077e-01
   5.5000000e+01   2.1646450e+00   6.8076961e-01
   5.6000000e+01   2.1880010e+00   6.4584221e-01
   5.7000000e+01   2.2353873e+00   6.3477667e-01
   5.8000000e+01   2.3432278e+00   7.1953278e-01
   5.9000000e+01   2.2519175e+00   6.0529664e-01
   6.0000000e+01   2.2182084e+00   6.1218664e-01
   6.1000000e+01   2.2178046e+00   6.4276416e-01
   6.2000000e+01   2.2306252e+00   6.9237326e-01
   6.3000000e+01   2.2303477e+00   7.0235268e-01
   6.4000000e+01   2.2445987e+00   7.1382446e-01
   6.5000000e+01   2.1871672e+00   7.0934906e-01
   6.6000000e+01   2.1534670e+00   6.8780009e-01
   6.7000000e+01   2.1759657e+00   6.9594015e-01
   6.8000000e+01   2.2566623e+00   7.6293900e-01
   6.9000000e+01   2.2274268e+00   6.1540493e-01
   7.0000000e+01   2.2394571e+00   5.8463864e-01
   7.1000000e+01   2.2942182e+00   6.5930513e-01
   7.2000000e+01   2.4176481e+00   8.0834399e-01
   7.3000000e+01   2.3875205e+00   7.4435646e-01
   7.4000000e+01   2.3656424e+00   7.6097514e-01
   7.5000000e+01   2.2480439e+00   6.8609050e-01
   7.6000000e+01   2.1096866e+00   5.9703952e-01
   7.7000000e+01   2.0686605e+00   5.9906704e-01
   7.8000000e+01   2.1233515e+00   6.6306388e-01
   7.9000000e+01   2.2690034e+00   7.6397410e-01
   8.0000000e+01   2.4457231e+00   7.8133927e-01
   8.1000000e+01   2.5968399e+00   8.2018735e-01
   8.2000000e+01   2.6010899e+00   8.5731594e-01
   8.3000000e+01   2.4244239e+00   6.8057406e-01
   8.4000000e+01   2.3686153e+00   5.9631696e-01
   8.5000000e+01   2.4082485e+00   6.2419924e-01
   8.6000000e+01   2.3972343e+00   5.1988914e-01
   8.7000000e+01   2.4600517e+00   5.2618757e-01
   8.8000000e+01   2.5256090e+00   5.9967772e-01
   8.9000000e+01   2.6234405e+00   6.5505506e-01
   9.0000000e+01   2.8341144e+00   7.4344364e-01
   9.1000000e+01   2.9752764e+00   6.7482505e-01
   9.2000000e+01   3.1886603e+00   6.7348920e-01
   9.3000000e+01   3.1581539e+00   8.1264962e-01
   9.4000000e+01   2.7605856e+00   6.7632482e-01
   9.5000000e+01   2.4175283e+00   7.1545126e-01
   9.6000000e+01   2.1091091e+00   5.3877964e-01
   9.7000000e+01   1.9307027e+00   4.2758637e-01
   9.8000000e+01   1.7989868e+00   4.2564364e-01
   9.9000000e+01   1.7578580e+00   5.2744780e-01
   1.0000000e+02   1.7224583e+00   5.9241999e-01
   1.0100000e+02   1.7185854e+00   6.1281621e-01
   1.0200000e+02   1.7949659e+00   6.0810566e-01
   1.0300000e+02   1.7441437e+00   5.7406778e-01
   1.0400000e+02   1.7581379e+00   6.2974335e-01
   1.0500000e+02   1.7500922e+00   6.5761042e-01
   1.0600000e+02   1.7360847e+00   6.1304851e-01
   1.0700000e+02   1.6653377e+00   5.4033755e-01
   1.0800000e+02   1.7033510e+00   5.4410232e-01
   1.0900000e+02   1.7871588e+00   6.0696957e-01
   1.1000000e+02   1.7224278e+00   5.2020402e-01
   1.1100000e+02   1.7302765e+00   6.7153536e-01
   1.1200000e+02   1.6514779e+00   7.8902058e-01
   1.1300000e+02   1.4484605e+00   6.4892334e-01
   1.1400000e+02   1.3992153e+00   7.3290722e-01
   1.1500000e+02   1.3607057e+00   8.4433967e-01
   1.1600000e+02   1.4074297e+00   1.0940494e+00
   1.1700000e+02   1.3606023e+00   1.2577721e+00
   1.1800000e+02   1.2072466e+00   1.1034213e+00
   1.1900000e+02   1.1513049e+00   1.0085302e+00
   1.2000000e+02   1.2066143e+00   9.5858740e-01
