  -1.2000000e+03   0.0000000e+00   0.0000000e+00
  -1.1990000e+03   0.0000000e+00   0.0000000e+00
  -1.1980000e+03   0.0000000e+00   0.0000000e+00
  -1.1970000e+03   0.0000000e+00   0.0000000e+00
  -1.1960000e+03   0.0000000e+00   0.0000000e+00
  -1.1950000e+03   0.0000000e+00   0.0000000e+00
  -1.1940000e+03   0.0000000e+00   0.0000000e+00
  -1.1930000e+03   0.0000000e+00   0.0000000e+00
  -1.1920000e+03   0.0000000e+00   0.0000000e+00
  -1.1910000e+03   0.0000000e+00   0.0000000e+00
  -1.1900000e+03   0.0000000e+00   0.0000000e+00
  -1.1890000e+03   0.0000000e+00   0.0000000e+00
  -1.1880000e+03   0.0000000e+00   0.0000000e+00
  -1.1870000e+03   0.0000000e+00   0.0000000e+00
  -1.1860000e+03   0.0000000e+00   0.0000000e+00
  -1.1850000e+03   0.0000000e+00   0.0000000e+00
  -1.1840000e+03   0.0000000e+00   0.0000000e+00
  -1.1830000e+03   0.0000000e+00   0.0000000e+00
  -1.1820000e+03   0.0000000e+00   0.0000000e+00
  -1.1810000e+03   0.0000000e+00   0.0000000e+00
  -1.1800000e+03   0.0000000e+00   0.0000000e+00
  -1.1790000e+03   0.0000000e+00   0.0000000e+00
  -1.1780000e+03   0.0000000e+00   0.0000000e+00
  -1.1770000e+03   0.0000000e+00   0.0000000e+00
  -1.1760000e+03   0.0000000e+00   0.0000000e+00
  -1.1750000e+03   0.0000000e+00   0.0000000e+00
  -1.1740000e+03   0.0000000e+00   0.0000000e+00
  -1.1730000e+03   0.0000000e+00   0.0000000e+00
  -1.1720000e+03   0.0000000e+00   0.0000000e+00
  -1.1710000e+03   0.0000000e+00   0.0000000e+00
  -1.1700000e+03   0.0000000e+00   0.0000000e+00
  -1.1690000e+03   0.0000000e+00   0.0000000e+00
  -1.1680000e+03   0.0000000e+00   0.0000000e+00
  -1.1670000e+03   0.0000000e+00   0.0000000e+00
  -1.1660000e+03   0.0000000e+00   0.0000000e+00
  -1.1650000e+03   0.0000000e+00   0.0000000e+00
  -1.1640000e+03   0.0000000e+00   0.0000000e+00
  -1.1630000e+03   0.0000000e+00   0.0000000e+00
  -1.1620000e+03   0.0000000e+00   0.0000000e+00
  -1.1610000e+03   0.0000000e+00   0.0000000e+00
  -1.1600000e+03   0.0000000e+00   0.0000000e+00
  -1.1590000e+03   0.0000000e+00   0.0000000e+00
  -1.1580000e+03   0.0000000e+00   0.0000000e+00
  -1.1570000e+03   0.0000000e+00   0.0000000e+00
  -1.1560000e+03   0.0000000e+00   0.0000000e+00
  -1.1550000e+03   0.0000000e+00   0.0000000e+00
  -1.1540000e+03   0.0000000e+00   0.0000000e+00
  -1.1530000e+03   0.0000000e+00   0.0000000e+00
  -1.1520000e+03   0.0000000e+00   0.0000000e+00
  -1.1510000e+03   0.0000000e+00   0.0000000e+00
  -1.1500000e+03   0.0000000e+00   0.0000000e+00
  -1.1490000e+03   0.0000000e+00   0.0000000e+00
  -1.1480000e+03   0.0000000e+00   0.0000000e+00
  -1.1470000e+03   0.0000000e+00   0.0000000e+00
  -1.1460000e+03   0.0000000e+00   0.0000000e+00
  -1.1450000e+03   0.0000000e+00   0.0000000e+00
  -1.1440000e+03   0.0000000e+00   0.0000000e+00
  -1.1430000e+03   0.0000000e+00   0.0000000e+00
  -1.1420000e+03   0.0000000e+00   0.0000000e+00
  -1.1410000e+03   0.0000000e+00   0.0000000e+00
  -1.1400000e+03   0.0000000e+00   0.0000000e+00
  -1.1390000e+03   0.0000000e+00   0.0000000e+00
  -1.1380000e+03   0.0000000e+00   0.0000000e+00
  -1.1370000e+03   0.0000000e+00   0.0000000e+00
  -1.1360000e+03   0.0000000e+00   0.0000000e+00
  -1.1350000e+03   0.0000000e+00   0.0000000e+00
  -1.1340000e+03   0.0000000e+00   0.0000000e+00
  -1.1330000e+03   0.0000000e+00   0.0000000e+00
  -1.1320000e+03   0.0000000e+00   0.0000000e+00
  -1.1310000e+03   0.0000000e+00   0.0000000e+00
  -1.1300000e+03   0.0000000e+00   0.0000000e+00
  -1.1290000e+03   0.0000000e+00   0.0000000e+00
  -1.1280000e+03   0.0000000e+00   0.0000000e+00
  -1.1270000e+03   0.0000000e+00   0.0000000e+00
  -1.1260000e+03   0.0000000e+00   0.0000000e+00
  -1.1250000e+03   0.0000000e+00   0.0000000e+00
  -1.1240000e+03   0.0000000e+00   0.0000000e+00
  -1.1230000e+03   0.0000000e+00   0.0000000e+00
  -1.1220000e+03   0.0000000e+00   0.0000000e+00
  -1.1210000e+03   0.0000000e+00   0.0000000e+00
  -1.1200000e+03   0.0000000e+00   0.0000000e+00
  -1.1190000e+03   0.0000000e+00   0.0000000e+00
  -1.1180000e+03   0.0000000e+00   0.0000000e+00
  -1.1170000e+03   0.0000000e+00   0.0000000e+00
  -1.1160000e+03   0.0000000e+00   0.0000000e+00
  -1.1150000e+03   0.0000000e+00   0.0000000e+00
  -1.1140000e+03   0.0000000e+00   0.0000000e+00
  -1.1130000e+03   0.0000000e+00   0.0000000e+00
  -1.1120000e+03   0.0000000e+00   0.0000000e+00
  -1.1110000e+03   0.0000000e+00   0.0000000e+00
  -1.1100000e+03   0.0000000e+00   0.0000000e+00
  -1.1090000e+03   0.0000000e+00   0.0000000e+00
  -1.1080000e+03   0.0000000e+00   0.0000000e+00
  -1.1070000e+03   0.0000000e+00   0.0000000e+00
  -1.1060000e+03   0.0000000e+00   0.0000000e+00
  -1.1050000e+03   0.0000000e+00   0.0000000e+00
  -1.1040000e+03   0.0000000e+00   0.0000000e+00
  -1.1030000e+03   0.0000000e+00   0.0000000e+00
  -1.1020000e+03   0.0000000e+00   0.0000000e+00
  -1.1010000e+03   0.0000000e+00   0.0000000e+00
  -1.1000000e+03   7.0695869e-01   1.6911538e+00
  -1.0990000e+03   7.2345118e-01   1.5871791e+00
  -1.0980000e+03   7.3015310e-01   1.3762947e+00
  -1.0970000e+03   7.7491778e-01   1.2258672e+00
  -1.0960000e+03   6.9782362e-01   1.1180294e+00
  -1.0950000e+03   5.8698469e-01   1.0557289e+00
  -1.0940000e+03   4.5155965e-01   1.1630163e+00
  -1.0930000e+03   2.4271092e-01   1.1886505e+00
  -1.0920000e+03   2.7830821e-01   1.0308994e+00
  -1.0910000e+03   2.6994739e-01   9.4876686e-01
  -1.0900000e+03   3.5835967e-01   9.8883918e-01
  -1.0890000e+03   3.8209991e-01   9.6147221e-01
  -1.0880000e+03   4.9799104e-01   9.3353298e-01
  -1.0870000e+03   6.8121697e-01   8.4785108e-01
  -1.0860000e+03   6.5007315e-01   7.8900234e-01
  -1.0850000e+03   5.8054609e-01   7.6387163e-01
  -1.0840000e+03   4.7815336e-01   8.3086911e-01
  -1.0830000e+03   5.3700582e-01   8.6493439e-01
  -1.0820000e+03   5.9210991e-01   9.3589596e-01
  -1.0810000e+03   6.5464737e-01   9.5824608e-01
  -1.0800000e+03   7.3742176e-01   1.0017189e+00
  -1.0790000e+03   7.6762192e-01   1.0129131e+00
  -1.0780000e+03   7.4038389e-01   1.1048099e+00
  -1.0770000e+03   7.8959263e-01   1.1536352e+00
  -1.0760000e+03   7.6122250e-01   1.1379271e+00
  -1.0750000e+03   7.2132580e-01   1.0075473e+00
  -1.0740000e+03   7.3138542e-01   8.4491770e-01
  -1.0730000e+03   8.1220490e-01   7.6605688e-01
  -1.0720000e+03   8.6919284e-01   7.6280543e-01
  -1.0710000e+03   9.6944456e-01   7.4280980e-01
  -1.0700000e+03   1.0370874e+00   7.3774210e-01
  -1.0690000e+03   1.1455914e+00   8.0292805e-01
  -1.0680000e+03   1.2055427e+00   9.0443005e-01
  -1.0670000e+03   1.2259233e+00   8.6258177e-01
  -1.0660000e+03   1.3071203e+00   7.5281142e-01
  -1.0650000e+03   1.2168952e+00   6.2792492e-01
  -1.0640000e+03   1.2647976e+00   5.3008308e-01
  -1.0630000e+03   1.2563845e+00   5.6830222e-01
  -1.0620000e+03   1.2615807e+00   7.2384796e-01
  -1.0610000e+03   1.3067124e+00   8.4597553e-01
  -1.0600000e+03   1.4040896e+00   8.9845467e-01
  -1.0590000e+03   1.4255524e+00   9.4174570e-01
  -1.0580000e+03   1.4081228e+00   9.2847035e-01
  -1.0570000e+03   1.4237457e+00   9.4704377e-01
  -1.0560000e+03   1.4172347e+00   1.0008624e+00
  -1.0550000e+03   1.3681288e+00   1.0998271e+00
  -1.0540000e+03   1.3331156e+00   1.2255567e+00
  -1.0530000e+03   1.3548798e+00   1.2115963e+00
  -1.0520000e+03   1.3531651e+00   1.0617250e+00
  -1.0510000e+03   1.3875500e+00   9.1991180e-01
  -1.0500000e+03   1.2791537e+00   9.1164986e-01
  -1.0490000e+03   1.1663121e+00   8.8336206e-01
  -1.0480000e+03   1.0504162e+00   9.6209851e-01
  -1.0470000e+03   1.0062745e+00   1.0645735e+00
  -1.0460000e+03   9.1766640e-01   1.0780211e+00
  -1.0450000e+03   1.0020532e+00   1.0414312e+00
  -1.0440000e+03   9.7170896e-01   1.1085703e+00
  -1.0430000e+03   9.9298824e-01   1.1880702e+00
  -1.0420000e+03   1.0359911e+00   1.2125452e+00
  -1.0410000e+03   1.0777284e+00   1.1822769e+00
  -1.0400000e+03   1.1278366e+00   1.0492450e+00
  -1.0390000e+03   1.0964564e+00   1.0298908e+00
  -1.0380000e+03   1.0627819e+00   1.0340535e+00
  -1.0370000e+03   1.1316201e+00   1.0244779e+00
  -1.0360000e+03   1.1911870e+00   9.7188062e-01
  -1.0350000e+03   1.2288247e+00   9.2329265e-01
  -1.0340000e+03   1.2193743e+00   8.9913605e-01
  -1.0330000e+03   1.2572526e+00   9.1667603e-01
  -1.0320000e+03   1.1789533e+00   9.5925894e-01
  -1.0310000e+03   1.1757637e+00   9.9241134e-01
  -1.0300000e+03   1.1949161e+00   1.0130688e+00
  -1.0290000e+03   1.1776241e+00   1.0145581e+00
  -1.0280000e+03   1.1664523e+00   1.1173228e+00
  -1.0270000e+03   1.1383216e+00   7.5968297e-01
  -1.0260000e+03   1.1081335e+00   6.0813830e-01
  -1.0250000e+03   1.0083426e+00   5.4779739e-01
  -1.0240000e+03   9.7154972e-01   5.0772458e-01
  -1.0230000e+03   9.7083440e-01   4.6227487e-01
  -1.0220000e+03   8.9605713e-01   4.5553122e-01
  -1.0210000e+03   9.7837782e-01   5.2647114e-01
  -1.0200000e+03   9.1275883e-01   6.6573728e-01
  -1.0190000e+03   9.4904523e-01   7.1700985e-01
  -1.0180000e+03   1.0568727e+00   7.1785157e-01
  -1.0170000e+03   1.0729623e+00   7.2868750e-01
  -1.0160000e+03   1.0622157e+00   8.3842883e-01
  -1.0150000e+03   1.0552564e+00   9.3802674e-01
  -1.0140000e+03   1.0104929e+00   8.4114766e-01
  -1.0130000e+03   9.7459561e-01   9.6717792e-01
  -1.0120000e+03   9.0409124e-01   9.9107723e-01
  -1.0110000e+03   8.7615263e-01   1.0795316e+00
  -1.0100000e+03   8.7570561e-01   1.0951916e+00
  -1.0090000e+03   8.3221615e-01   1.1553610e+00
  -1.0080000e+03   8.5655445e-01   1.1348518e+00
  -1.0070000e+03   8.0107459e-01   1.1417682e+00
  -1.0060000e+03   7.6941113e-01   1.1137616e+00
  -1.0050000e+03   6.9021053e-01   1.1541693e+00
  -1.0040000e+03   7.6809315e-01   1.2691707e+00
  -1.0030000e+03   8.2830200e-01   1.3066841e+00
  -1.0020000e+03   7.7346103e-01   1.3282248e+00
  -1.0010000e+03   7.7730313e-01   1.2759133e+00
  -1.0000000e+03   6.8464982e-01   1.2654462e+00
  -9.9900000e+02   7.8412775e-01   1.2901492e+00
  -9.9800000e+02   6.8686326e-01   1.1068217e+00
  -9.9700000e+02   6.7324819e-01   9.8084733e-01
  -9.9600000e+02   6.6696510e-01   9.2940085e-01
  -9.9500000e+02   6.5697353e-01   8.9454864e-01
  -9.9400000e+02   6.3606266e-01   9.3023115e-01
  -9.9300000e+02   6.9037561e-01   1.0577234e+00
  -9.9200000e+02   8.1162786e-01   1.1069983e+00
  -9.9100000e+02   9.1468933e-01   1.1626814e+00
  -9.9000000e+02   8.2890920e-01   1.2072256e+00
  -9.8900000e+02   8.5893039e-01   1.2260934e+00
  -9.8800000e+02   8.8484170e-01   1.1751618e+00
  -9.8700000e+02   9.5936983e-01   1.0951677e+00
  -9.8600000e+02   1.0232568e+00   1.0221067e+00
  -9.8500000e+02   1.0652372e+00   9.3456010e-01
  -9.8400000e+02   9.9589004e-01   8.7719569e-01
  -9.8300000e+02   8.9385440e-01   8.5259038e-01
  -9.8200000e+02   8.6065536e-01   8.7359232e-01
  -9.8100000e+02   7.3101119e-01   8.0022680e-01
  -9.8000000e+02   6.4897627e-01   7.5399122e-01
  -9.7900000e+02   6.4781047e-01   7.7499010e-01
  -9.7800000e+02   6.0738148e-01   8.5666917e-01
  -9.7700000e+02   6.7926751e-01   8.4738929e-01
  -9.7600000e+02   7.4800090e-01   8.3843771e-01
  -9.7500000e+02   7.8171285e-01   7.4262461e-01
  -9.7400000e+02   7.8586465e-01   7.3317357e-01
  -9.7300000e+02   8.7888891e-01   8.5307872e-01
  -9.7200000e+02   9.0141901e-01   8.2375496e-01
  -9.7100000e+02   8.5421308e-01   9.3430231e-01
  -9.7000000e+02   8.3656039e-01   9.8033355e-01
  -9.6900000e+02   8.3507690e-01   9.4489063e-01
  -9.6800000e+02   7.9157219e-01   9.0622163e-01
  -9.6700000e+02   7.4276700e-01   9.4132551e-01
  -9.6600000e+02   6.8640317e-01   1.0241956e+00
  -9.6500000e+02   6.7686579e-01   1.0272134e+00
  -9.6400000e+02   6.7133416e-01   1.1034176e+00
  -9.6300000e+02   6.3262851e-01   1.2420977e+00
  -9.6200000e+02   6.9496181e-01   1.1317740e+00
  -9.6100000e+02   6.6307498e-01   1.1770730e+00
  -9.6000000e+02   5.5234665e-01   1.1158046e+00
  -9.5900000e+02   4.7403694e-01   1.1372120e+00
  -9.5800000e+02   4.1596157e-01   1.2201125e+00
  -9.5700000e+02   5.0301319e-01   1.2321357e+00
  -9.5600000e+02   6.2584756e-01   1.2774303e+00
  -9.5500000e+02   7.0746550e-01   1.3498466e+00
  -9.5400000e+02   7.9614397e-01   1.4254201e+00
  -9.5300000e+02   8.0180350e-01   1.4325063e+00
  -9.5200000e+02   7.7588832e-01   1.5056722e+00
  -9.5100000e+02   7.8557200e-01   1.5591256e+00
  -9.5000000e+02   6.9804193e-01   1.4622685e+00
  -9.4900000e+02   7.1326406e-01   1.5116155e+00
  -9.4800000e+02   7.2746171e-01   1.4058734e+00
  -9.4700000e+02   7.6394822e-01   1.2726755e+00
  -9.4600000e+02   8.1461639e-01   1.1956397e+00
  -9.4500000e+02   8.8425352e-01   1.1648895e+00
  -9.4400000e+02   8.6553861e-01   1.1755832e+00
  -9.4300000e+02   8.1086026e-01   1.2503645e+00
  -9.4200000e+02   6.5782498e-01   1.3667712e+00
  -9.4100000e+02   6.5095724e-01   1.5195975e+00
  -9.4000000e+02   6.5396052e-01   1.4772605e+00
  -9.3900000e+02   6.6003823e-01   1.3349926e+00
  -9.3800000e+02   7.1118749e-01   1.1938708e+00
  -9.3700000e+02   7.2338640e-01   1.1640585e+00
  -9.3600000e+02   6.8558763e-01   1.1234464e+00
  -9.3500000e+02   6.9193537e-01   1.1324802e+00
  -9.3400000e+02   6.0742177e-01   1.2087724e+00
  -9.3300000e+02   6.0726745e-01   1.1801786e+00
  -9.3200000e+02   6.0468795e-01   1.1189922e+00
  -9.3100000e+02   5.6751840e-01   1.1358521e+00
  -9.3000000e+02   4.5924046e-01   1.1689629e+00
  -9.2900000e+02   4.5451289e-01   1.3541103e+00
  -9.2800000e+02   5.4834497e-01   1.3469047e+00
  -9.2700000e+02   5.9708034e-01   1.5074504e+00
  -9.2600000e+02   6.3855199e-01   1.3434803e+00
  -9.2500000e+02   7.1996599e-01   1.3220153e+00
  -9.2400000e+02   7.8511791e-01   1.3159472e+00
  -9.2300000e+02   8.6190571e-01   1.3100308e+00
  -9.2200000e+02   9.4869098e-01   1.2767360e+00
  -9.2100000e+02   9.0011838e-01   1.2050448e+00
  -9.2000000e+02   8.2844394e-01   1.1247164e+00
  -9.1900000e+02   8.0399820e-01   1.0887937e+00
  -9.1800000e+02   7.8625297e-01   1.1021768e+00
  -9.1700000e+02   7.9181760e-01   1.1428199e+00
  -9.1600000e+02   7.9560960e-01   1.1993259e+00
  -9.1500000e+02   7.9164831e-01   1.3252490e+00
  -9.1400000e+02   7.9158737e-01   1.3134886e+00
  -9.1300000e+02   8.4210045e-01   1.2030225e+00
  -9.1200000e+02   8.7108847e-01   1.1641972e+00
  -9.1100000e+02   9.1868628e-01   1.1630894e+00
  -9.1000000e+02   9.4524648e-01   1.1741679e+00
  -9.0900000e+02   9.6984897e-01   1.2482613e+00
  -9.0800000e+02   9.7467480e-01   1.3584989e+00
  -9.0700000e+02   1.0119430e+00   1.3780405e+00
  -9.0600000e+02   1.0471574e+00   1.4019448e+00
  -9.0500000e+02   1.0471989e+00   1.3874169e+00
  -9.0400000e+02   9.6647487e-01   1.4481122e+00
  -9.0300000e+02   9.2317752e-01   1.4942422e+00
  -9.0200000e+02   8.9305368e-01   1.5705173e+00
  -9.0100000e+02   9.3071073e-01   1.5854828e+00
  -9.0000000e+02   9.7236327e-01   1.3843510e+00
  -8.9900000e+02   1.0469444e+00   1.3325247e+00
  -8.9800000e+02   1.1220651e+00   1.4078448e+00
  -8.9700000e+02   1.1667480e+00   1.3668984e+00
  -8.9600000e+02   1.1623896e+00   1.3556568e+00
  -8.9500000e+02   1.1676311e+00   1.4285321e+00
  -8.9400000e+02   1.1812581e+00   1.5709117e+00
  -8.9300000e+02   1.1757610e+00   1.7083471e+00
  -8.9200000e+02   1.1810424e+00   1.8289530e+00
  -8.9100000e+02   1.2140624e+00   1.8433380e+00
  -8.9000000e+02   1.2118921e+00   1.7103957e+00
  -8.8900000e+02   1.2353773e+00   1.6704436e+00
  -8.8800000e+02   1.2474792e+00   1.5930071e+00
  -8.8700000e+02   1.2522563e+00   1.4986036e+00
  -8.8600000e+02   1.2382256e+00   1.4112486e+00
  -8.8500000e+02   1.2106888e+00   1.3334475e+00
  -8.8400000e+02   9.9009639e-01   1.2792818e+00
  -8.8300000e+02   9.9345597e-01   1.2895621e+00
  -8.8200000e+02   1.0081718e+00   1.2985433e+00
  -8.8100000e+02   9.3604110e-01   1.3224348e+00
  -8.8000000e+02   9.1134344e-01   1.2895413e+00
  -8.7900000e+02   1.0136587e+00   1.2684040e+00
  -8.7800000e+02   9.5103393e-01   1.2048328e+00
  -8.7700000e+02   1.1545637e+00   1.2457450e+00
  -8.7600000e+02   1.2096714e+00   1.4247172e+00
  -8.7500000e+02   1.1627725e+00   1.3648079e+00
  -8.7400000e+02   1.1189442e+00   1.2743414e+00
  -8.7300000e+02   9.3026228e-01   1.2101187e+00
  -8.7200000e+02   8.1899528e-01   1.1973206e+00
  -8.7100000e+02   8.1366900e-01   9.6722135e-01
  -8.7000000e+02   7.8163375e-01   9.3843424e-01
  -8.6900000e+02   7.1615871e-01   9.6679665e-01
  -8.6800000e+02   6.8720846e-01   1.0351960e+00
  -8.6700000e+02   6.9713763e-01   1.0946935e+00
  -8.6600000e+02   7.3407876e-01   1.0448131e+00
  -8.6500000e+02   8.3615835e-01   1.0884845e+00
  -8.6400000e+02   9.0129562e-01   1.2733000e+00
  -8.6300000e+02   9.9111767e-01   1.6041341e+00
  -8.6200000e+02   1.0471459e+00   1.5500079e+00
  -8.6100000e+02   1.1708465e+00   1.5371443e+00
  -8.6000000e+02   1.1263605e+00   1.6045642e+00
  -8.5900000e+02   1.1290984e+00   1.2292586e+00
  -8.5800000e+02   1.1766831e+00   1.1306219e+00
  -8.5700000e+02   1.2298421e+00   1.1229443e+00
  -8.5600000e+02   1.2719172e+00   1.1602921e+00
  -8.5500000e+02   1.3140677e+00   1.1650420e+00
  -8.5400000e+02   1.3112345e+00   1.1420604e+00
  -8.5300000e+02   1.3006552e+00   1.1743570e+00
  -8.5200000e+02   1.1694010e+00   1.1742225e+00
  -8.5100000e+02   1.0786861e+00   1.1920403e+00
  -8.5000000e+02   1.0549755e+00   1.2886009e+00
  -8.4900000e+02   1.0384963e+00   1.2555599e+00
  -8.4800000e+02   1.0782874e+00   1.2622973e+00
  -8.4700000e+02   1.1444126e+00   1.3335456e+00
  -8.4600000e+02   1.1584509e+00   1.1635556e+00
  -8.4500000e+02   1.1485453e+00   1.2253668e+00
  -8.4400000e+02   1.1039551e+00   1.3722666e+00
  -8.4300000e+02   1.0824237e+00   1.2813673e+00
  -8.4200000e+02   1.0252118e+00   1.2999761e+00
  -8.4100000e+02   1.0119594e+00   1.3213470e+00
  -8.4000000e+02   1.0254944e+00   1.3905756e+00
  -8.3900000e+02   1.0481839e+00   1.3432575e+00
  -8.3800000e+02   1.0635302e+00   1.4169797e+00
  -8.3700000e+02   1.0219034e+00   1.4460867e+00
  -8.3600000e+02   9.9805819e-01   1.3726579e+00
  -8.3500000e+02   1.0401544e+00   1.2406320e+00
  -8.3400000e+02   1.0634214e+00   1.2189632e+00
  -8.3300000e+02   1.1410182e+00   1.2498637e+00
  -8.3200000e+02   1.2350415e+00   1.2939567e+00
  -8.3100000e+02   1.2878296e+00   1.2909740e+00
  -8.3000000e+02   1.2749529e+00   1.3030329e+00
  -8.2900000e+02   1.2834262e+00   1.2915819e+00
  -8.2800000e+02   1.2906010e+00   1.2863438e+00
  -8.2700000e+02   1.1157166e+00   1.3141078e+00
  -8.2600000e+02   1.0745873e+00   1.3587493e+00
  -8.2500000e+02   9.9714132e-01   1.3848999e+00
  -8.2400000e+02   8.0751902e-01   1.4001290e+00
  -8.2300000e+02   6.5803034e-01   1.2692132e+00
  -8.2200000e+02   7.8447069e-01   1.1705652e+00
  -8.2100000e+02   9.3690316e-01   1.1642982e+00
  -8.2000000e+02   1.0628141e+00   1.1621213e+00
  -8.1900000e+02   1.0841557e+00   1.1619792e+00
  -8.1800000e+02   1.1417821e+00   1.1060811e+00
  -8.1700000e+02   1.2245166e+00   1.0167539e+00
  -8.1600000e+02   1.0943911e+00   9.5763659e-01
  -8.1500000e+02   1.2264031e+00   8.8856544e-01
  -8.1400000e+02   1.1936577e+00   8.6959261e-01
  -8.1300000e+02   1.1067938e+00   8.2742565e-01
  -8.1200000e+02   1.0754512e+00   7.3333427e-01
  -8.1100000e+02   1.1544070e+00   6.7719511e-01
  -8.1000000e+02   1.1654232e+00   6.8831212e-01
  -8.0900000e+02   1.1758734e+00   6.7936576e-01
  -8.0800000e+02   1.1639990e+00   6.2565695e-01
  -8.0700000e+02   1.1742096e+00   6.1610099e-01
  -8.0600000e+02   1.2500926e+00   6.8267665e-01
  -8.0500000e+02   1.3115664e+00   7.0750725e-01
  -8.0400000e+02   1.4116027e+00   7.1822646e-01
  -8.0300000e+02   1.4303803e+00   7.7202299e-01
  -8.0200000e+02   1.4623829e+00   6.9817487e-01
  -8.0100000e+02   1.4577343e+00   5.7586261e-01
  -8.0000000e+02   1.4715980e+00   5.4000606e-01
  -7.9900000e+02   1.5141286e+00   5.0541265e-01
  -7.9800000e+02   1.5292869e+00   5.2918753e-01
  -7.9700000e+02   1.5970434e+00   5.8179738e-01
  -7.9600000e+02   1.6313046e+00   6.4304090e-01
  -7.9500000e+02   1.6274596e+00   6.7039490e-01
  -7.9400000e+02   1.5748363e+00   7.2987715e-01
  -7.9300000e+02   1.4734947e+00   7.9614443e-01
  -7.9200000e+02   1.3987681e+00   7.8209780e-01
  -7.9100000e+02   1.2973727e+00   8.3703459e-01
  -7.9000000e+02   1.1611022e+00   8.7610963e-01
  -7.8900000e+02   1.0621113e+00   8.7303167e-01
  -7.8800000e+02   1.0571422e+00   9.5175400e-01
  -7.8700000e+02   1.1706106e+00   1.0053786e+00
  -7.8600000e+02   1.1001756e+00   1.0223737e+00
  -7.8500000e+02   1.0781901e+00   1.0280274e+00
  -7.8400000e+02   1.1262535e+00   1.0279657e+00
  -7.8300000e+02   1.2308116e+00   1.0697214e+00
  -7.8200000e+02   1.2028191e+00   1.1778484e+00
  -7.8100000e+02   1.1100113e+00   1.2943591e+00
  -7.8000000e+02   1.0311256e+00   1.0398667e+00
  -7.7900000e+02   9.7922429e-01   9.3828774e-01
  -7.7800000e+02   9.4121180e-01   9.5163167e-01
  -7.7700000e+02   8.6426341e-01   1.0541193e+00
  -7.7600000e+02   7.8866093e-01   1.0068632e+00
  -7.7500000e+02   7.5489951e-01   1.0438299e+00
  -7.7400000e+02   6.1928726e-01   9.9513220e-01
  -7.7300000e+02   5.8145815e-01   9.7209324e-01
  -7.7200000e+02   5.4562772e-01   1.0170037e+00
  -7.7100000e+02   5.6735263e-01   1.0268298e+00
  -7.7000000e+02   6.7771421e-01   9.4558895e-01
  -7.6900000e+02   7.9113228e-01   9.1533729e-01
  -7.6800000e+02   9.4533119e-01   9.3018457e-01
  -7.6700000e+02   9.5759819e-01   1.0601019e+00
  -7.6600000e+02   9.7966270e-01   1.1888986e+00
  -7.6500000e+02   1.0350370e+00   1.0261741e+00
  -7.6400000e+02   1.0801294e+00   9.4771228e-01
  -7.6300000e+02   1.0500500e+00   9.5710262e-01
  -7.6200000e+02   1.0138168e+00   1.0315397e+00
  -7.6100000e+02   9.2450144e-01   1.1521116e+00
  -7.6000000e+02   8.5451721e-01   1.2065655e+00
  -7.5900000e+02   8.6930102e-01   1.2561606e+00
  -7.5800000e+02   9.2066243e-01   1.0956285e+00
  -7.5700000e+02   1.0160123e+00   1.0158375e+00
  -7.5600000e+02   1.0834049e+00   1.0024793e+00
  -7.5500000e+02   1.1631670e+00   1.0961057e+00
  -7.5400000e+02   1.2485693e+00   1.0562457e+00
  -7.5300000e+02   1.3195554e+00   1.0260296e+00
  -7.5200000e+02   1.3660512e+00   1.0251534e+00
  -7.5100000e+02   1.3041289e+00   1.0456559e+00
  -7.5000000e+02   1.2997191e+00   1.1140250e+00
  -7.4900000e+02   1.2653638e+00   1.1993108e+00
  -7.4800000e+02   1.1749778e+00   1.2369231e+00
  -7.4700000e+02   1.0901642e+00   1.1026109e+00
  -7.4600000e+02   1.0539504e+00   1.1250642e+00
  -7.4500000e+02   1.0652490e+00   1.1143861e+00
  -7.4400000e+02   1.0580996e+00   1.1592804e+00
  -7.4300000e+02   1.0656825e+00   1.1093991e+00
  -7.4200000e+02   1.0048605e+00   1.0117326e+00
  -7.4100000e+02   9.6347982e-01   9.6449968e-01
  -7.4000000e+02   1.0234175e+00   9.6800780e-01
  -7.3900000e+02   9.5639764e-01   1.0076625e+00
  -7.3800000e+02   8.9377988e-01   1.0798400e+00
  -7.3700000e+02   8.3337943e-01   1.0768122e+00
  -7.3600000e+02   8.0044703e-01   1.0252015e+00
  -7.3500000e+02   8.8821440e-01   9.7704394e-01
  -7.3400000e+02   9.5637203e-01   7.8699711e-01
  -7.3300000e+02   9.1787488e-01   7.4003802e-01
  -7.3200000e+02   8.1259215e-01   8.3402039e-01
  -7.3100000e+02   7.5224785e-01   8.7678042e-01
  -7.3000000e+02   6.1320647e-01   6.9779455e-01
  -7.2900000e+02   6.1781851e-01   6.5328179e-01
  -7.2800000e+02   6.6815025e-01   6.6409626e-01
  -7.2700000e+02   7.6813312e-01   6.8419028e-01
  -7.2600000e+02   8.2966825e-01   7.1435473e-01
  -7.2500000e+02   8.8574894e-01   6.9456303e-01
  -7.2400000e+02   9.5950718e-01   6.9705965e-01
  -7.2300000e+02   9.6780339e-01   8.3108248e-01
  -7.2200000e+02   9.7104993e-01   8.7298819e-01
  -7.2100000e+02   9.7440056e-01   9.9448186e-01
  -7.2000000e+02   9.8965055e-01   1.0241694e+00
  -7.1900000e+02   1.0430478e+00   1.0556342e+00
  -7.1800000e+02   1.0847833e+00   9.3640767e-01
  -7.1700000e+02   1.1214289e+00   8.2932715e-01
  -7.1600000e+02   1.1307959e+00   7.9356558e-01
  -7.1500000e+02   1.1716897e+00   8.4006445e-01
  -7.1400000e+02   1.1674353e+00   8.5662090e-01
  -7.1300000e+02   1.1330119e+00   8.9634064e-01
  -7.1200000e+02   1.1045234e+00   9.4776996e-01
  -7.1100000e+02   1.0401265e+00   9.4666383e-01
  -7.1000000e+02   9.5174882e-01   9.5162944e-01
  -7.0900000e+02   8.8322932e-01   9.8100826e-01
  -7.0800000e+02   7.6289590e-01   9.6791510e-01
  -7.0700000e+02   7.3617855e-01   9.5224248e-01
  -7.0600000e+02   7.4417629e-01   9.5410744e-01
  -7.0500000e+02   8.1604746e-01   9.9764680e-01
  -7.0400000e+02   7.4395891e-01   9.1572452e-01
  -7.0300000e+02   6.0820889e-01   9.3391182e-01
  -7.0200000e+02   4.7238526e-01   1.0154968e+00
  -7.0100000e+02   3.5222350e-01   1.0506243e+00
  -7.0000000e+02   4.2996708e-01   9.3225918e-01
  -6.9900000e+02   5.9629347e-01   8.9711818e-01
  -6.9800000e+02   5.7491992e-01   8.0922127e-01
  -6.9700000e+02   5.2387841e-01   7.7849554e-01
  -6.9600000e+02   5.4670463e-01   7.9599609e-01
  -6.9500000e+02   6.2685904e-01   8.4261414e-01
  -6.9400000e+02   6.4971031e-01   9.2693183e-01
  -6.9300000e+02   6.3952546e-01   9.8557617e-01
  -6.9200000e+02   7.6208128e-01   9.5726004e-01
  -6.9100000e+02   7.9080633e-01   1.0504951e+00
  -6.9000000e+02   9.2108394e-01   1.2363330e+00
  -6.8900000e+02   1.0319106e+00   1.1101016e+00
  -6.8800000e+02   8.6039804e-01   1.0676998e+00
  -6.8700000e+02   8.2276998e-01   9.8035353e-01
  -6.8600000e+02   7.9793370e-01   8.4820352e-01
  -6.8500000e+02   8.7158075e-01   7.3110266e-01
  -6.8400000e+02   8.6227638e-01   6.9489753e-01
  -6.8300000e+02   8.6340954e-01   6.2261929e-01
  -6.8200000e+02   8.9878743e-01   6.6249359e-01
  -6.8100000e+02   9.9396599e-01   7.2899365e-01
  -6.8000000e+02   1.0995675e+00   6.2746752e-01
  -6.7900000e+02   1.2136055e+00   5.6748949e-01
  -6.7800000e+02   1.2249576e+00   5.9177290e-01
  -6.7700000e+02   1.1938889e+00   5.9808734e-01
  -6.7600000e+02   1.1582423e+00   5.8453866e-01
  -6.7500000e+02   1.0790672e+00   5.8864950e-01
  -6.7400000e+02   1.1412200e+00   6.8199282e-01
  -6.7300000e+02   1.1948368e+00   7.5162582e-01
  -6.7200000e+02   1.2373067e+00   6.0374229e-01
  -6.7100000e+02   1.3052592e+00   6.1679177e-01
  -6.7000000e+02   1.2985245e+00   7.1681369e-01
  -6.6900000e+02   1.4045559e+00   7.5911510e-01
  -6.6800000e+02   1.4509919e+00   6.4207871e-01
  -6.6700000e+02   1.4001193e+00   6.4673902e-01
  -6.6600000e+02   1.4422395e+00   6.1972876e-01
  -6.6500000e+02   1.4561345e+00   6.1711868e-01
  -6.6400000e+02   1.4276131e+00   6.0900513e-01
  -6.6300000e+02   1.3638187e+00   5.8433493e-01
  -6.6200000e+02   1.2451874e+00   6.0758841e-01
  -6.6100000e+02   1.1402190e+00   6.3893524e-01
  -6.6000000e+02   1.1192875e+00   6.9128995e-01
  -6.5900000e+02   1.0839481e+00   7.2719859e-01
  -6.5800000e+02   1.1105177e+00   7.3804351e-01
  -6.5700000e+02   1.1103214e+00   7.1703936e-01
  -6.5600000e+02   1.0250065e+00   6.2455913e-01
  -6.5500000e+02   9.7531333e-01   6.3476792e-01
  -6.5400000e+02   1.1064650e+00   6.9979878e-01
  -6.5300000e+02   1.1396920e+00   9.3428064e-01
  -6.5200000e+02   1.0934172e+00   8.3434292e-01
  -6.5100000e+02   1.0503619e+00   9.8995448e-01
  -6.5000000e+02   9.7991346e-01   8.7353854e-01
  -6.4900000e+02   9.6637335e-01   8.4156212e-01
  -6.4800000e+02   9.2431171e-01   8.3493941e-01
  -6.4700000e+02   9.8599097e-01   9.6530766e-01
  -6.4600000e+02   1.0611214e+00   8.9741557e-01
  -6.4500000e+02   1.0991850e+00   8.3043245e-01
  -6.4400000e+02   1.1258452e+00   7.2374792e-01
  -6.4300000e+02   1.0512013e+00   7.7317800e-01
  -6.4200000e+02   9.6995407e-01   9.0032234e-01
  -6.4100000e+02   9.4460275e-01   8.6749105e-01
  -6.4000000e+02   9.4607916e-01   8.6588258e-01
  -6.3900000e+02   9.8664336e-01   8.4583778e-01
  -6.3800000e+02   1.0839875e+00   9.3409095e-01
  -6.3700000e+02   1.0770762e+00   9.1755332e-01
  -6.3600000e+02   1.1439328e+00   8.7654803e-01
  -6.3500000e+02   1.3332231e+00   9.3493327e-01
  -6.3400000e+02   1.1888077e+00   1.0110937e+00
  -6.3300000e+02   1.1917497e+00   1.0340896e+00
  -6.3200000e+02   1.1866332e+00   9.9736429e-01
  -6.3100000e+02   1.1485934e+00   1.1107764e+00
  -6.3000000e+02   1.1660367e+00   1.0639303e+00
  -6.2900000e+02   1.2818523e+00   1.0419898e+00
  -6.2800000e+02   1.2017838e+00   9.6571572e-01
  -6.2700000e+02   1.1925560e+00   9.2763818e-01
  -6.2600000e+02   1.2042422e+00   8.7674574e-01
  -6.2500000e+02   1.1371801e+00   9.2604780e-01
  -6.2400000e+02   1.0406050e+00   9.9445708e-01
  -6.2300000e+02   9.6884945e-01   1.0137713e+00
  -6.2200000e+02   9.6700399e-01   1.0341246e+00
  -6.2100000e+02   9.5327381e-01   1.0907595e+00
  -6.2000000e+02   9.8687677e-01   1.1373289e+00
  -6.1900000e+02   1.0045341e+00   1.3088168e+00
  -6.1800000e+02   1.0409239e+00   1.1959714e+00
  -6.1700000e+02   1.0819168e+00   1.2464419e+00
  -6.1600000e+02   1.0779468e+00   1.1407210e+00
  -6.1500000e+02   1.1756748e+00   9.8940168e-01
  -6.1400000e+02   1.1636708e+00   9.1741938e-01
  -6.1300000e+02   1.0673672e+00   9.2368125e-01
  -6.1200000e+02   1.0386796e+00   1.0323404e+00
  -6.1100000e+02   1.0736414e+00   1.0179695e+00
  -6.1000000e+02   1.0980457e+00   1.0318258e+00
  -6.0900000e+02   1.0627479e+00   1.0085647e+00
  -6.0800000e+02   9.9168022e-01   1.1086507e+00
  -6.0700000e+02   9.9936688e-01   1.0690177e+00
  -6.0600000e+02   1.0182907e+00   1.1667531e+00
  -6.0500000e+02   1.0049486e+00   1.1882904e+00
  -6.0400000e+02   1.0220256e+00   1.0728922e+00
  -6.0300000e+02   1.0244421e+00   9.9931878e-01
  -6.0200000e+02   1.1399497e+00   9.4003426e-01
  -6.0100000e+02   1.2332209e+00   8.9313849e-01
  -6.0000000e+02   1.2945309e+00   8.9785850e-01
  -5.9900000e+02   1.3158409e+00   8.9246772e-01
  -5.9800000e+02   1.2200617e+00   8.3381726e-01
  -5.9700000e+02   1.1531326e+00   8.4856002e-01
  -5.9600000e+02   1.1638725e+00   8.9193411e-01
  -5.9500000e+02   1.1694381e+00   9.2713740e-01
  -5.9400000e+02   1.1715005e+00   1.0084267e+00
  -5.9300000e+02   1.1275493e+00   1.0961699e+00
  -5.9200000e+02   1.1611596e+00   9.6669408e-01
  -5.9100000e+02   1.1579637e+00   9.0198166e-01
  -5.9000000e+02   1.1482175e+00   8.2692934e-01
  -5.8900000e+02   1.0967617e+00   8.1803208e-01
  -5.8800000e+02   1.0928414e+00   8.1335129e-01
  -5.8700000e+02   1.0642849e+00   8.8944332e-01
  -5.8600000e+02   1.0097878e+00   1.0874120e+00
  -5.8500000e+02   1.0590468e+00   1.0370625e+00
  -5.8400000e+02   1.1534540e+00   9.9410104e-01
  -5.8300000e+02   1.2081676e+00   9.8241297e-01
  -5.8200000e+02   1.2782341e+00   9.9272669e-01
  -5.8100000e+02   1.3306604e+00   1.0809273e+00
  -5.8000000e+02   1.2758362e+00   1.1379066e+00
  -5.7900000e+02   1.2286285e+00   1.1358602e+00
  -5.7800000e+02   1.1441176e+00   1.0470581e+00
  -5.7700000e+02   1.1608971e+00   1.0155016e+00
  -5.7600000e+02   1.1424158e+00   1.0121530e+00
  -5.7500000e+02   1.1637823e+00   1.0371924e+00
  -5.7400000e+02   1.1426323e+00   1.1051980e+00
  -5.7300000e+02   1.1067386e+00   1.0522585e+00
  -5.7200000e+02   1.0823508e+00   1.0496781e+00
  -5.7100000e+02   1.1018197e+00   1.1219238e+00
  -5.7000000e+02   1.1504026e+00   1.2304711e+00
  -5.6900000e+02   1.2508254e+00   1.3281403e+00
  -5.6800000e+02   1.3894811e+00   1.3968930e+00
  -5.6700000e+02   1.3465481e+00   1.4911789e+00
  -5.6600000e+02   1.3179114e+00   1.2174360e+00
  -5.6500000e+02   1.3206619e+00   1.1424788e+00
  -5.6400000e+02   1.3451703e+00   1.1290376e+00
  -5.6300000e+02   1.4016209e+00   1.1720654e+00
  -5.6200000e+02   1.3521305e+00   1.2293526e+00
  -5.6100000e+02   1.3098079e+00   1.1388558e+00
  -5.6000000e+02   1.2554423e+00   1.0727565e+00
  -5.5900000e+02   1.2275935e+00   1.0625208e+00
  -5.5800000e+02   1.2468168e+00   1.0975087e+00
  -5.5700000e+02   1.2222311e+00   1.1841349e+00
  -5.5600000e+02   1.2284547e+00   1.1688745e+00
  -5.5500000e+02   1.2799050e+00   1.1630512e+00
  -5.5400000e+02   1.3496879e+00   1.1249319e+00
  -5.5300000e+02   1.3026755e+00   1.0942529e+00
  -5.5200000e+02   1.3020344e+00   1.1235252e+00
  -5.5100000e+02   1.2888036e+00   1.1508698e+00
  -5.5000000e+02   1.2824411e+00   1.0400710e+00
  -5.4900000e+02   1.2299297e+00   9.4472169e-01
  -5.4800000e+02   1.1994268e+00   9.4531921e-01
  -5.4700000e+02   1.0786572e+00   1.0297551e+00
  -5.4600000e+02   1.0422314e+00   1.2026760e+00
  -5.4500000e+02   1.0513462e+00   1.3596120e+00
  -5.4400000e+02   1.1573649e+00   1.3893091e+00
  -5.4300000e+02   1.2834203e+00   1.4642726e+00
  -5.4200000e+02   1.1508572e+00   1.4450898e+00
  -5.4100000e+02   1.0834085e+00   1.4035511e+00
  -5.4000000e+02   1.0271564e+00   1.5073567e+00
  -5.3900000e+02   9.9797490e-01   1.3173376e+00
  -5.3800000e+02   9.9242445e-01   1.3018857e+00
  -5.3700000e+02   9.2393199e-01   1.4403402e+00
  -5.3600000e+02   9.7625334e-01   1.5637293e+00
  -5.3500000e+02   9.7295762e-01   1.6865517e+00
  -5.3400000e+02   1.1390832e+00   1.7668899e+00
  -5.3300000e+02   1.1936869e+00   1.6272459e+00
  -5.3200000e+02   1.3245109e+00   1.5262375e+00
  -5.3100000e+02   1.4047262e+00   1.5110289e+00
  -5.3000000e+02   1.3777585e+00   1.4106041e+00
  -5.2900000e+02   1.3319639e+00   1.3719405e+00
  -5.2800000e+02   1.2493145e+00   1.4507493e+00
  -5.2700000e+02   1.1381886e+00   1.5018827e+00
  -5.2600000e+02   1.0298543e+00   1.6798254e+00
  -5.2500000e+02   1.0111021e+00   1.4523662e+00
  -5.2400000e+02   1.0499936e+00   1.3039248e+00
  -5.2300000e+02   1.1626367e+00   1.2608691e+00
  -5.2200000e+02   1.2295453e+00   1.2109892e+00
  -5.2100000e+02   1.3202689e+00   1.2256658e+00
  -5.2000000e+02   1.3212919e+00   1.2812705e+00
  -5.1900000e+02   1.3208189e+00   1.4340871e+00
  -5.1800000e+02   1.2846434e+00   1.4906427e+00
  -5.1700000e+02   1.2596565e+00   1.3631214e+00
  -5.1600000e+02   1.2742564e+00   1.3453209e+00
  -5.1500000e+02   1.2671668e+00   1.3990905e+00
  -5.1400000e+02   1.2393932e+00   1.3838728e+00
  -5.1300000e+02   1.1853275e+00   1.4761774e+00
  -5.1200000e+02   1.2024134e+00   1.5455892e+00
  -5.1100000e+02   1.1712092e+00   1.3847406e+00
  -5.1000000e+02   1.1619237e+00   1.3084961e+00
  -5.0900000e+02   1.2010144e+00   1.2245877e+00
  -5.0800000e+02   1.2000045e+00   1.2460727e+00
  -5.0700000e+02   1.1740834e+00   1.2183171e+00
  -5.0600000e+02   1.2578525e+00   1.2080917e+00
  -5.0500000e+02   1.3716062e+00   1.2314801e+00
  -5.0400000e+02   1.4077712e+00   1.2035972e+00
  -5.0300000e+02   1.3185675e+00   1.1946428e+00
  -5.0200000e+02   1.1975133e+00   1.1926694e+00
  -5.0100000e+02   1.1497995e+00   1.0858007e+00
  -5.0000000e+02   1.1230124e+00   1.0099429e+00
  -4.9900000e+02   1.1008131e+00   9.7093410e-01
  -4.9800000e+02   1.1129911e+00   1.0108645e+00
  -4.9700000e+02   1.1204645e+00   1.0012877e+00
  -4.9600000e+02   1.1750675e+00   1.0434272e+00
  -4.9500000e+02   1.1640082e+00   1.1008027e+00
  -4.9400000e+02   1.0968405e+00   1.1863895e+00
  -4.9300000e+02   1.0681359e+00   1.0896722e+00
  -4.9200000e+02   1.1125797e+00   1.0501348e+00
  -4.9100000e+02   1.0918585e+00   9.7696912e-01
  -4.9000000e+02   1.0434366e+00   9.2679951e-01
  -4.8900000e+02   1.0077047e+00   9.1283469e-01
  -4.8800000e+02   1.0038037e+00   9.3229706e-01
  -4.8700000e+02   1.0023481e+00   9.1157717e-01
  -4.8600000e+02   1.0477592e+00   8.8067972e-01
  -4.8500000e+02   1.0113867e+00   8.7321633e-01
  -4.8400000e+02   1.0712220e+00   9.0145744e-01
  -4.8300000e+02   1.1162420e+00   9.7336760e-01
  -4.8200000e+02   1.1772445e+00   1.1084924e+00
  -4.8100000e+02   1.1794678e+00   8.3597591e-01
  -4.8000000e+02   1.1380943e+00   8.2793740e-01
  -4.7900000e+02   1.1455586e+00   7.2606325e-01
  -4.7800000e+02   1.0573373e+00   7.6041466e-01
  -4.7700000e+02   9.7636144e-01   8.9318091e-01
  -4.7600000e+02   9.8134672e-01   8.7745343e-01
  -4.7500000e+02   1.0732662e+00   7.8491136e-01
  -4.7400000e+02   1.0875358e+00   8.3073113e-01
  -4.7300000e+02   1.0917424e+00   8.8430403e-01
  -4.7200000e+02   1.1740939e+00   9.2908315e-01
  -4.7100000e+02   1.2794910e+00   9.5854850e-01
  -4.7000000e+02   1.2207456e+00   1.0116275e+00
  -4.6900000e+02   1.2353302e+00   1.0863421e+00
  -4.6800000e+02   1.2536253e+00   1.1330775e+00
  -4.6700000e+02   1.3552687e+00   1.1591081e+00
  -4.6600000e+02   1.3143364e+00   1.1063225e+00
  -4.6500000e+02   1.2503208e+00   1.0780443e+00
  -4.6400000e+02   1.2552595e+00   1.0087241e+00
  -4.6300000e+02   1.2435167e+00   8.6662245e-01
  -4.6200000e+02   1.1811106e+00   7.7005803e-01
  -4.6100000e+02   1.1238232e+00   6.8920666e-01
  -4.6000000e+02   1.1848299e+00   6.6047661e-01
  -4.5900000e+02   1.2671442e+00   6.3720854e-01
  -4.5800000e+02   1.3029783e+00   6.5742854e-01
  -4.5700000e+02   1.2871453e+00   7.2961167e-01
  -4.5600000e+02   1.2464184e+00   8.8841090e-01
  -4.5500000e+02   1.2622629e+00   9.3711612e-01
  -4.5400000e+02   1.2413243e+00   9.1426180e-01
  -4.5300000e+02   1.2361868e+00   9.5801532e-01
  -4.5200000e+02   1.2315825e+00   1.0595306e+00
  -4.5100000e+02   1.2159501e+00   1.0276377e+00
  -4.5000000e+02   1.3071808e+00   1.0290450e+00
  -4.4900000e+02   1.2559347e+00   9.3104535e-01
  -4.4800000e+02   1.2676132e+00   8.9181548e-01
  -4.4700000e+02   1.2438891e+00   9.0630631e-01
  -4.4600000e+02   1.2102294e+00   9.9803227e-01
  -4.4500000e+02   1.2864571e+00   1.1268727e+00
  -4.4400000e+02   1.3043033e+00   1.1543903e+00
  -4.4300000e+02   1.3162960e+00   1.0965416e+00
  -4.4200000e+02   1.3911453e+00   1.0714047e+00
  -4.4100000e+02   1.4132573e+00   1.1329276e+00
  -4.4000000e+02   1.2550145e+00   1.2748666e+00
  -4.3900000e+02   1.2442464e+00   1.3274274e+00
  -4.3800000e+02   1.2812899e+00   1.1382690e+00
  -4.3700000e+02   1.2724809e+00   1.0945005e+00
  -4.3600000e+02   1.2646542e+00   1.1089189e+00
  -4.3500000e+02   1.2600515e+00   1.1897207e+00
  -4.3400000e+02   1.2708521e+00   1.1463334e+00
  -4.3300000e+02   1.2032718e+00   1.0864743e+00
  -4.3200000e+02   1.2735176e+00   9.9549030e-01
  -4.3100000e+02   1.3053420e+00   9.2830435e-01
  -4.3000000e+02   1.4096778e+00   9.7074342e-01
  -4.2900000e+02   1.3897502e+00   1.0655111e+00
  -4.2800000e+02   1.3414346e+00   1.1166502e+00
  -4.2700000e+02   1.2659959e+00   9.7040998e-01
  -4.2600000e+02   1.1383076e+00   1.0270679e+00
  -4.2500000e+02   1.0411096e+00   1.3027850e+00
  -4.2400000e+02   1.0637142e+00   1.1362063e+00
  -4.2300000e+02   1.0537144e+00   1.0640458e+00
  -4.2200000e+02   1.1974585e+00   1.0049821e+00
  -4.2100000e+02   1.3227737e+00   9.4632021e-01
  -4.2000000e+02   1.4120328e+00   9.8015340e-01
  -4.1900000e+02   1.4050885e+00   9.9903875e-01
  -4.1800000e+02   1.3724961e+00   1.0909586e+00
  -4.1700000e+02   1.3100740e+00   1.1965804e+00
  -4.1600000e+02   1.3765956e+00   1.1865223e+00
  -4.1500000e+02   1.2192510e+00   1.1963316e+00
  -4.1400000e+02   1.1341001e+00   1.1217315e+00
  -4.1300000e+02   1.1456695e+00   1.1292136e+00
  -4.1200000e+02   1.2096973e+00   1.2925653e+00
  -4.1100000e+02   1.2922267e+00   1.2156319e+00
  -4.1000000e+02   1.2723216e+00   1.2073579e+00
  -4.0900000e+02   1.2363946e+00   1.1085637e+00
  -4.0800000e+02   1.2045816e+00   1.1213431e+00
  -4.0700000e+02   1.3235373e+00   1.2668159e+00
  -4.0600000e+02   1.2395030e+00   1.3566549e+00
  -4.0500000e+02   1.2928975e+00   1.2836995e+00
  -4.0400000e+02   1.3688594e+00   1.3749121e+00
  -4.0300000e+02   1.2698622e+00   1.2953233e+00
  -4.0200000e+02   1.1795702e+00   1.2718591e+00
  -4.0100000e+02   1.0966254e+00   1.2631057e+00
  -4.0000000e+02   1.0434856e+00   1.2051874e+00
  -3.9900000e+02   1.0652454e+00   1.2351882e+00
  -3.9800000e+02   1.0805722e+00   1.1693716e+00
  -3.9700000e+02   1.1471874e+00   1.1287189e+00
  -3.9600000e+02   1.1780700e+00   1.0847718e+00
  -3.9500000e+02   1.1910875e+00   1.1012424e+00
  -3.9400000e+02   1.1917592e+00   1.0825478e+00
  -3.9300000e+02   1.1221155e+00   1.0853144e+00
  -3.9200000e+02   1.0744798e+00   1.1002253e+00
  -3.9100000e+02   9.1484714e-01   1.2001850e+00
  -3.9000000e+02   1.0437529e+00   1.0247578e+00
  -3.8900000e+02   9.1982726e-01   9.5461425e-01
  -3.8800000e+02   8.7404809e-01   9.4308006e-01
  -3.8700000e+02   9.2192627e-01   9.5613152e-01
  -3.8600000e+02   9.8835875e-01   8.8300703e-01
  -3.8500000e+02   1.0499793e+00   7.6546787e-01
  -3.8400000e+02   1.0088752e+00   6.8558389e-01
  -3.8300000e+02   1.0175612e+00   6.9175296e-01
  -3.8200000e+02   1.1058299e+00   7.9633381e-01
  -3.8100000e+02   9.8834754e-01   8.9241805e-01
  -3.8000000e+02   9.9928083e-01   8.5815205e-01
  -3.7900000e+02   1.0450245e+00   7.4384507e-01
  -3.7800000e+02   9.9014573e-01   6.4849956e-01
  -3.7700000e+02   1.0407462e+00   6.1100229e-01
  -3.7600000e+02   1.0627600e+00   6.4982366e-01
  -3.7500000e+02   1.0486191e+00   7.7276775e-01
  -3.7400000e+02   1.0539070e+00   8.2060131e-01
  -3.7300000e+02   1.0343967e+00   8.6661247e-01
  -3.7200000e+02   9.6389813e-01   8.6351540e-01
  -3.7100000e+02   9.4220650e-01   8.9991374e-01
  -3.7000000e+02   9.4768572e-01   8.9502198e-01
  -3.6900000e+02   1.0281877e+00   8.7497088e-01
  -3.6800000e+02   1.1566300e+00   8.8817748e-01
  -3.6700000e+02   1.1784305e+00   9.0699930e-01
  -3.6600000e+02   1.1806447e+00   8.2757506e-01
  -3.6500000e+02   1.1241031e+00   8.1615153e-01
  -3.6400000e+02   1.0907500e+00   8.1630007e-01
  -3.6300000e+02   1.0438979e+00   7.9756652e-01
  -3.6200000e+02   9.7223624e-01   6.7121820e-01
  -3.6100000e+02   9.9293202e-01   6.2138228e-01
  -3.6000000e+02   9.0676147e-01   6.8106377e-01
  -3.5900000e+02   9.2026524e-01   7.5065157e-01
  -3.5800000e+02   9.0939089e-01   7.1702004e-01
  -3.5700000e+02   9.2340699e-01   6.6527923e-01
  -3.5600000e+02   9.3587123e-01   6.7267825e-01
  -3.5500000e+02   9.1322587e-01   7.3454444e-01
  -3.5400000e+02   8.9063815e-01   8.1951631e-01
  -3.5300000e+02   8.8924464e-01   8.6067097e-01
  -3.5200000e+02   9.4517657e-01   9.0695323e-01
  -3.5100000e+02   9.7657019e-01   9.2299144e-01
  -3.5000000e+02   9.6032802e-01   9.5691271e-01
  -3.4900000e+02   9.4800164e-01   1.0570495e+00
  -3.4800000e+02   8.9593024e-01   1.0612883e+00
  -3.4700000e+02   8.9909400e-01   8.7934887e-01
  -3.4600000e+02   9.3630579e-01   8.8147653e-01
  -3.4500000e+02   9.3739478e-01   1.0035355e+00
  -3.4400000e+02   8.3177034e-01   7.5179165e-01
  -3.4300000e+02   7.3894279e-01   7.6129547e-01
  -3.4200000e+02   7.2884772e-01   9.9467289e-01
  -3.4100000e+02   7.1271308e-01   8.6700675e-01
  -3.4000000e+02   8.4732948e-01   9.7719682e-01
  -3.3900000e+02   9.5752995e-01   1.0155058e+00
  -3.3800000e+02   1.0742619e+00   9.3660984e-01
  -3.3700000e+02   1.0873621e+00   8.7740295e-01
  -3.3600000e+02   1.0888351e+00   9.1644094e-01
  -3.3500000e+02   1.0211049e+00   1.0819845e+00
  -3.3400000e+02   1.0027000e+00   1.1762916e+00
  -3.3300000e+02   1.0862106e+00   1.1260252e+00
  -3.3200000e+02   1.2101293e+00   1.1209818e+00
  -3.3100000e+02   1.2486013e+00   1.0178140e+00
  -3.3000000e+02   1.3012854e+00   1.0355595e+00
  -3.2900000e+02   1.3678751e+00   1.1557065e+00
  -3.2800000e+02   1.4411308e+00   1.1651206e+00
  -3.2700000e+02   1.4703748e+00   1.1658878e+00
  -3.2600000e+02   1.4812846e+00   1.1583145e+00
  -3.2500000e+02   1.1802547e+00   1.1876351e+00
  -3.2400000e+02   1.2307699e+00   1.2132317e+00
  -3.2300000e+02   1.1899010e+00   1.1616900e+00
  -3.2200000e+02   1.0381813e+00   1.1428267e+00
  -3.2100000e+02   9.3049231e-01   1.2280578e+00
  -3.2000000e+02   9.2681276e-01   1.2134891e+00
  -3.1900000e+02   9.2490536e-01   1.2413545e+00
  -3.1800000e+02   1.0061780e+00   1.5280338e+00
  -3.1700000e+02   9.8594936e-01   1.2023551e+00
  -3.1600000e+02   1.0832829e+00   1.2844238e+00
  -3.1500000e+02   1.0449073e+00   1.3884203e+00
  -3.1400000e+02   1.0109198e+00   1.4559511e+00
  -3.1300000e+02   9.6062888e-01   1.2789782e+00
  -3.1200000e+02   9.5381072e-01   1.1963247e+00
  -3.1100000e+02   9.6720021e-01   1.1442292e+00
  -3.1000000e+02   1.0194708e+00   1.1762066e+00
  -3.0900000e+02   9.6086233e-01   1.3243071e+00
  -3.0800000e+02   9.0836363e-01   1.3741338e+00
  -3.0700000e+02   9.0242537e-01   1.2800271e+00
  -3.0600000e+02   9.1270030e-01   1.1277987e+00
  -3.0500000e+02   9.7702341e-01   1.0550101e+00
  -3.0400000e+02   8.9631566e-01   1.0903715e+00
  -3.0300000e+02   9.1244892e-01   1.1067395e+00
  -3.0200000e+02   1.0469508e+00   1.1570919e+00
  -3.0100000e+02   1.1707197e+00   1.1608446e+00
  -3.0000000e+02   1.2214387e+00   1.2225714e+00
  -2.9900000e+02   1.0851782e+00   1.3887978e+00
  -2.9800000e+02   1.1010329e+00   1.3481175e+00
  -2.9700000e+02   1.1008106e+00   1.4429187e+00
  -2.9600000e+02   1.0618490e+00   1.3217022e+00
  -2.9500000e+02   1.0625408e+00   1.3029611e+00
  -2.9400000e+02   1.0900805e+00   1.3272833e+00
  -2.9300000e+02   1.1033586e+00   1.4257717e+00
  -2.9200000e+02   1.0115340e+00   1.6277994e+00
  -2.9100000e+02   1.0227832e+00   1.7896665e+00
  -2.9000000e+02   1.0152460e+00   1.5846777e+00
  -2.8900000e+02   9.5480347e-01   1.3919592e+00
  -2.8800000e+02   9.0992754e-01   1.2879797e+00
  -2.8700000e+02   8.4712303e-01   1.1635989e+00
  -2.8600000e+02   7.7328081e-01   1.2002568e+00
  -2.8500000e+02   7.4843789e-01   1.1465426e+00
  -2.8400000e+02   7.5807083e-01   9.2553087e-01
  -2.8300000e+02   7.6766737e-01   8.3555545e-01
  -2.8200000e+02   6.5841508e-01   8.7020533e-01
  -2.8100000e+02   7.8657721e-01   1.0865954e+00
  -2.8000000e+02   7.5721174e-01   1.0925626e+00
  -2.7900000e+02   7.5157853e-01   1.0875252e+00
  -2.7800000e+02   7.9977908e-01   1.0299891e+00
  -2.7700000e+02   8.7130610e-01   1.0214800e+00
  -2.7600000e+02   9.5900440e-01   9.6074980e-01
  -2.7500000e+02   9.9844498e-01   9.2239490e-01
  -2.7400000e+02   1.0407090e+00   9.4191983e-01
  -2.7300000e+02   1.0412581e+00   9.8886799e-01
  -2.7200000e+02   1.1049938e+00   1.0215364e+00
  -2.7100000e+02   1.1414069e+00   1.0524978e+00
  -2.7000000e+02   1.0833002e+00   1.1732828e+00
  -2.6900000e+02   1.0308176e+00   1.1393296e+00
  -2.6800000e+02   1.0042805e+00   1.1045188e+00
  -2.6700000e+02   9.6569135e-01   1.0481693e+00
  -2.6600000e+02   9.5118814e-01   9.6179255e-01
  -2.6500000e+02   9.6240052e-01   8.8475979e-01
  -2.6400000e+02   9.7377744e-01   9.0480182e-01
  -2.6300000e+02   9.6319557e-01   1.0428304e+00
  -2.6200000e+02   9.4368856e-01   1.0080746e+00
  -2.6100000e+02   8.9384587e-01   1.0736007e+00
  -2.6000000e+02   8.1721959e-01   1.1701694e+00
  -2.5900000e+02   8.5613944e-01   1.1879548e+00
  -2.5800000e+02   7.3011014e-01   1.2661902e+00
  -2.5700000e+02   7.2693578e-01   1.1738562e+00
  -2.5600000e+02   7.4577024e-01   1.0468550e+00
  -2.5500000e+02   7.5586091e-01   1.0526007e+00
  -2.5400000e+02   7.7841679e-01   1.0953178e+00
  -2.5300000e+02   8.4718583e-01   1.1381163e+00
  -2.5200000e+02   9.1742386e-01   1.1077165e+00
  -2.5100000e+02   9.9033764e-01   1.0938969e+00
  -2.5000000e+02   1.0828405e+00   1.0831067e+00
  -2.4900000e+02   9.9601362e-01   1.0407837e+00
  -2.4800000e+02   9.9756014e-01   9.8329851e-01
  -2.4700000e+02   1.0307378e+00   9.2687692e-01
  -2.4600000e+02   9.9087173e-01   9.6712509e-01
  -2.4500000e+02   9.5869906e-01   1.0143356e+00
  -2.4400000e+02   1.0329797e+00   1.0405073e+00
  -2.4300000e+02   1.0352672e+00   1.0328132e+00
  -2.4200000e+02   9.7618262e-01   9.3052702e-01
  -2.4100000e+02   8.1579208e-01   8.9459839e-01
  -2.4000000e+02   7.9367766e-01   9.5268180e-01
  -2.3900000e+02   7.9912102e-01   1.0128189e+00
  -2.3800000e+02   8.0704171e-01   1.1530762e+00
  -2.3700000e+02   7.3704054e-01   1.0614019e+00
  -2.3600000e+02   8.1326521e-01   9.6708525e-01
  -2.3500000e+02   8.0207812e-01   1.0017129e+00
  -2.3400000e+02   8.4946964e-01   1.0830317e+00
  -2.3300000e+02   8.6066454e-01   1.0438382e+00
  -2.3200000e+02   8.8581398e-01   9.4235116e-01
  -2.3100000e+02   9.1756687e-01   8.5456439e-01
  -2.3000000e+02   9.3063005e-01   7.8237755e-01
  -2.2900000e+02   9.6352863e-01   9.2163202e-01
  -2.2800000e+02   9.2731845e-01   1.0340104e+00
  -2.2700000e+02   9.0474653e-01   8.7764565e-01
  -2.2600000e+02   9.5981958e-01   8.0675028e-01
  -2.2500000e+02   9.7253268e-01   8.0052036e-01
  -2.2400000e+02   1.0397041e+00   8.7824292e-01
  -2.2300000e+02   1.0669247e+00   8.5131791e-01
  -2.2200000e+02   1.0196423e+00   9.4648012e-01
  -2.2100000e+02   9.4360565e-01   8.5851327e-01
  -2.2000000e+02   9.3456724e-01   8.6559669e-01
  -2.1900000e+02   9.1471577e-01   9.7246682e-01
  -2.1800000e+02   9.6137555e-01   9.5215221e-01
  -2.1700000e+02   9.6377322e-01   1.0105570e+00
  -2.1600000e+02   8.7215595e-01   1.1600647e+00
  -2.1500000e+02   8.2983380e-01   1.1585586e+00
  -2.1400000e+02   7.8871897e-01   1.1693262e+00
  -2.1300000e+02   7.5300379e-01   1.1263365e+00
  -2.1200000e+02   7.7874675e-01   1.0677005e+00
  -2.1100000e+02   7.6402760e-01   1.0952974e+00
  -2.1000000e+02   6.3398311e-01   1.2202665e+00
  -2.0900000e+02   7.8287433e-01   1.2097981e+00
  -2.0800000e+02   8.5222843e-01   1.2121591e+00
  -2.0700000e+02   9.4141761e-01   1.3088899e+00
  -2.0600000e+02   8.9774908e-01   1.2936239e+00
  -2.0500000e+02   8.7898397e-01   1.0759927e+00
  -2.0400000e+02   7.7780016e-01   1.0399724e+00
  -2.0300000e+02   7.9239249e-01   1.0105227e+00
  -2.0200000e+02   8.4268299e-01   1.0584391e+00
  -2.0100000e+02   8.5598203e-01   1.0620654e+00
  -2.0000000e+02   7.7374475e-01   1.0651604e+00
  -1.9900000e+02   7.1610475e-01   1.0863048e+00
  -1.9800000e+02   7.5489184e-01   1.2136537e+00
  -1.9700000e+02   8.3658885e-01   1.3249467e+00
  -1.9600000e+02   8.6921461e-01   1.3921426e+00
  -1.9500000e+02   9.7710330e-01   1.3428160e+00
  -1.9400000e+02   8.4505765e-01   1.2462145e+00
  -1.9300000e+02   7.9323081e-01   1.2442373e+00
  -1.9200000e+02   7.9673380e-01   1.2176143e+00
  -1.9100000e+02   7.4225759e-01   1.0681365e+00
  -1.9000000e+02   7.0178127e-01   1.1679357e+00
  -1.8900000e+02   6.8286742e-01   1.1788968e+00
  -1.8800000e+02   7.1050895e-01   1.1223495e+00
  -1.8700000e+02   7.3341918e-01   1.0698126e+00
  -1.8600000e+02   7.9692783e-01   1.0763581e+00
  -1.8500000e+02   9.8678932e-01   1.1231947e+00
  -1.8400000e+02   1.0512829e+00   1.1998481e+00
  -1.8300000e+02   1.0597170e+00   1.0826963e+00
  -1.8200000e+02   9.9291783e-01   9.8955260e-01
  -1.8100000e+02   9.5816560e-01   9.1977808e-01
  -1.8000000e+02   9.0006867e-01   9.5849398e-01
  -1.7900000e+02   8.8705339e-01   1.1146467e+00
  -1.7800000e+02   8.6450626e-01   1.3003088e+00
  -1.7700000e+02   8.6841347e-01   1.0201929e+00
  -1.7600000e+02   8.2879648e-01   8.4838307e-01
  -1.7500000e+02   8.2130574e-01   7.9674044e-01
  -1.7400000e+02   8.2714553e-01   9.1633856e-01
  -1.7300000e+02   8.5078530e-01   9.2953435e-01
  -1.7200000e+02   8.5108197e-01   9.9219191e-01
  -1.7100000e+02   8.9983887e-01   1.0091847e+00
  -1.7000000e+02   9.5104350e-01   9.3005326e-01
  -1.6900000e+02   9.6567333e-01   8.2899512e-01
  -1.6800000e+02   9.8246300e-01   8.2192555e-01
  -1.6700000e+02   1.0929976e+00   9.4373391e-01
  -1.6600000e+02   1.0654438e+00   1.1129882e+00
  -1.6500000e+02   9.3372029e-01   1.2045487e+00
  -1.6400000e+02   9.1682158e-01   1.4304420e+00
  -1.6300000e+02   8.4642005e-01   1.2504892e+00
  -1.6200000e+02   8.0013967e-01   1.1815606e+00
  -1.6100000e+02   6.9052205e-01   1.1887681e+00
  -1.6000000e+02   6.4151278e-01   1.2143032e+00
  -1.5900000e+02   7.5769916e-01   1.1204531e+00
  -1.5800000e+02   6.7554071e-01   1.1083014e+00
  -1.5700000e+02   5.5161822e-01   1.0183944e+00
  -1.5600000e+02   5.4228765e-01   8.8394982e-01
  -1.5500000e+02   4.5554971e-01   8.4054845e-01
  -1.5400000e+02   4.0248622e-01   8.3684962e-01
  -1.5300000e+02   4.0082344e-01   8.8400495e-01
  -1.5200000e+02   4.4055284e-01   9.3939829e-01
  -1.5100000e+02   5.1151236e-01   9.5822329e-01
  -1.5000000e+02   5.4327698e-01   9.6349669e-01
  -1.4900000e+02   5.5862676e-01   9.5729806e-01
  -1.4800000e+02   5.5276402e-01   9.2480643e-01
  -1.4700000e+02   5.1771714e-01   8.7557904e-01
  -1.4600000e+02   4.7476270e-01   8.7832958e-01
  -1.4500000e+02   4.7354160e-01   8.7822453e-01
  -1.4400000e+02   4.9712987e-01   8.4362677e-01
  -1.4300000e+02   5.1530997e-01   8.8815282e-01
  -1.4200000e+02   5.7690924e-01   9.9528869e-01
  -1.4100000e+02   6.4706884e-01   1.0523221e+00
  -1.4000000e+02   5.9698881e-01   1.0444902e+00
  -1.3900000e+02   6.3810099e-01   1.0846835e+00
  -1.3800000e+02   6.5290282e-01   1.2360936e+00
  -1.3700000e+02   5.7975087e-01   1.1420331e+00
  -1.3600000e+02   5.3944237e-01   1.1056238e+00
  -1.3500000e+02   5.0061267e-01   1.1899470e+00
  -1.3400000e+02   4.4365789e-01   1.3793130e+00
  -1.3300000e+02   4.5462365e-01   1.2803071e+00
  -1.3200000e+02   4.4189661e-01   1.2881713e+00
  -1.3100000e+02   4.4663811e-01   1.3491878e+00
  -1.3000000e+02   3.5554029e-01   1.3256772e+00
  -1.2900000e+02   2.8927690e-01   1.3761170e+00
  -1.2800000e+02   2.7849770e-01   1.2880058e+00
  -1.2700000e+02   3.4854450e-01   1.2374934e+00
  -1.2600000e+02   3.2853180e-01   1.1990699e+00
  -1.2500000e+02   3.5461107e-01   1.0845895e+00
  -1.2400000e+02   2.9408867e-01   1.0189656e+00
  -1.2300000e+02   2.9036280e-01   9.9269435e-01
  -1.2200000e+02   3.6966103e-01   9.6415471e-01
  -1.2100000e+02   5.0360435e-01   9.8332785e-01
  -1.2000000e+02   5.5637458e-01   1.0974315e+00
  -1.1900000e+02   5.7982082e-01   1.1862635e+00
  -1.1800000e+02   5.7751241e-01   1.1200617e+00
  -1.1700000e+02   5.8418532e-01   1.2292005e+00
  -1.1600000e+02   6.0485792e-01   1.0788571e+00
  -1.1500000e+02   5.9981888e-01   1.0807883e+00
  -1.1400000e+02   6.5970034e-01   1.1751296e+00
  -1.1300000e+02   6.7410231e-01   1.0316299e+00
  -1.1200000e+02   6.6512304e-01   9.5988271e-01
  -1.1100000e+02   6.1407710e-01   9.1186281e-01
  -1.1000000e+02   6.1130923e-01   8.8001369e-01
  -1.0900000e+02   5.5810401e-01   9.1383663e-01
  -1.0800000e+02   6.8720015e-01   9.8378116e-01
  -1.0700000e+02   6.9527579e-01   1.0044239e+00
  -1.0600000e+02   6.7613557e-01   1.0392488e+00
  -1.0500000e+02   7.0253089e-01   9.4038044e-01
  -1.0400000e+02   7.5678469e-01   9.5080510e-01
  -1.0300000e+02   7.3730220e-01   1.0333453e+00
  -1.0200000e+02   7.3718459e-01   9.7029849e-01
  -1.0100000e+02   4.6133026e-01   9.5897740e-01
  -1.0000000e+02   4.0440095e-01   9.1571730e-01
  -9.9000000e+01   4.1778558e-01   8.6111414e-01
  -9.8000000e+01   6.3878816e-01   8.2565514e-01
  -9.7000000e+01   7.3381479e-01   8.1339695e-01
  -9.6000000e+01   8.1111974e-01   8.5865395e-01
  -9.5000000e+01   8.4608334e-01   8.0347279e-01
  -9.4000000e+01   9.1960906e-01   7.8359435e-01
  -9.3000000e+01   9.9745290e-01   7.9296578e-01
  -9.2000000e+01   9.8381036e-01   7.6965167e-01
  -9.1000000e+01   1.0012763e+00   8.7000693e-01
  -9.0000000e+01   1.0217116e+00   9.9972602e-01
  -8.9000000e+01   1.0346566e+00   9.6762788e-01
  -8.8000000e+01   8.4786146e-01   9.3738745e-01
  -8.7000000e+01   8.1708141e-01   8.7910888e-01
  -8.6000000e+01   8.4289317e-01   8.6196487e-01
  -8.5000000e+01   8.3258619e-01   9.3817729e-01
  -8.4000000e+01   7.9397072e-01   1.1030987e+00
  -8.3000000e+01   8.2016078e-01   1.0764062e+00
  -8.2000000e+01   1.0112400e+00   1.0554410e+00
  -8.1000000e+01   1.0415926e+00   1.0377418e+00
  -8.0000000e+01   9.9855841e-01   1.0421881e+00
  -7.9000000e+01   1.0261174e+00   1.0922804e+00
  -7.8000000e+01   1.0555463e+00   1.2629501e+00
  -7.7000000e+01   1.1264344e+00   1.4049574e+00
  -7.6000000e+01   1.1901377e+00   1.4196869e+00
  -7.5000000e+01   1.1886737e+00   1.2986027e+00
  -7.4000000e+01   1.1841081e+00   1.3141670e+00
  -7.3000000e+01   1.2053422e+00   1.3489851e+00
  -7.2000000e+01   1.1272450e+00   1.4013943e+00
  -7.1000000e+01   1.0373748e+00   1.3117086e+00
  -7.0000000e+01   9.8981000e-01   1.2259348e+00
  -6.9000000e+01   9.4456008e-01   1.1803306e+00
  -6.8000000e+01   9.2626475e-01   1.0275189e+00
  -6.7000000e+01   1.0394365e+00   9.2086283e-01
  -6.6000000e+01   1.2078029e+00   9.1523034e-01
  -6.5000000e+01   1.3022435e+00   1.0036113e+00
  -6.4000000e+01   1.3757212e+00   1.1247720e+00
  -6.3000000e+01   1.3007045e+00   1.3397341e+00
  -6.2000000e+01   1.2270847e+00   1.1774318e+00
  -6.1000000e+01   1.1888960e+00   1.0290634e+00
  -6.0000000e+01   1.0957892e+00   9.5830600e-01
  -5.9000000e+01   1.0612212e+00   9.5039743e-01
  -5.8000000e+01   1.1315517e+00   9.9057677e-01
  -5.7000000e+01   1.1894133e+00   1.0477919e+00
  -5.6000000e+01   1.2568521e+00   9.6260810e-01
  -5.5000000e+01   1.2597757e+00   8.7274135e-01
  -5.4000000e+01   1.2491742e+00   8.8826951e-01
  -5.3000000e+01   1.2653212e+00   1.0033283e+00
  -5.2000000e+01   1.3015800e+00   1.1998439e+00
  -5.1000000e+01   1.2565662e+00   9.6357021e-01
  -5.0000000e+01   1.1691923e+00   9.0392500e-01
  -4.9000000e+01   1.1156472e+00   9.2418471e-01
  -4.8000000e+01   1.0922989e+00   9.5132121e-01
  -4.7000000e+01   1.1870609e+00   9.5904750e-01
  -4.6000000e+01   1.2199865e+00   9.6667846e-01
  -4.5000000e+01   1.2654095e+00   7.7507016e-01
  -4.4000000e+01   1.2907179e+00   7.4210039e-01
  -4.3000000e+01   1.3558145e+00   8.1663413e-01
  -4.2000000e+01   1.4199405e+00   9.4366389e-01
  -4.1000000e+01   1.4425339e+00   1.0301959e+00
  -4.0000000e+01   1.3721605e+00   1.2760657e+00
  -3.9000000e+01   1.2152880e+00   1.2724085e+00
  -3.8000000e+01   1.2175633e+00   1.3216268e+00
  -3.7000000e+01   1.2204619e+00   1.0211304e+00
  -3.6000000e+01   1.2108924e+00   9.8471713e-01
  -3.5000000e+01   1.1539801e+00   1.0130898e+00
  -3.4000000e+01   1.2588999e+00   1.0221771e+00
  -3.3000000e+01   1.2918760e+00   9.1775140e-01
  -3.2000000e+01   1.2892434e+00   9.3420231e-01
  -3.1000000e+01   1.2692469e+00   1.0518197e+00
  -3.0000000e+01   1.2192962e+00   1.3469237e+00
  -2.9000000e+01   1.2072410e+00   1.2341458e+00
  -2.8000000e+01   1.2692432e+00   1.1441636e+00
  -2.7000000e+01   1.2031108e+00   1.0302455e+00
  -2.6000000e+01   1.2506372e+00   1.0304930e+00
  -2.5000000e+01   1.3582884e+00   8.6795369e-01
  -2.4000000e+01   1.3918281e+00   8.0241472e-01
  -2.3000000e+01   1.4445198e+00   6.9096418e-01
  -2.2000000e+01   1.4190562e+00   6.7523500e-01
  -2.1000000e+01   1.4653836e+00   6.5485910e-01
  -2.0000000e+01   1.5263736e+00   6.4926863e-01
  -1.9000000e+01   1.5972104e+00   8.2900118e-01
  -1.8000000e+01   1.6738124e+00   7.9846139e-01
  -1.7000000e+01   1.7916436e+00   8.0293816e-01
  -1.6000000e+01   1.8579136e+00   8.9878653e-01
  -1.5000000e+01   1.7904159e+00   8.7086985e-01
  -1.4000000e+01   1.6017438e+00   7.9222891e-01
  -1.3000000e+01   1.5204126e+00   7.2917368e-01
  -1.2000000e+01   1.4722658e+00   7.8650417e-01
  -1.1000000e+01   1.5686239e+00   7.1461717e-01
  -1.0000000e+01   1.7724138e+00   6.6462373e-01
  -9.0000000e+00   1.8056748e+00   6.5551460e-01
  -8.0000000e+00   1.7614432e+00   5.7433931e-01
  -7.0000000e+00   1.8491492e+00   5.5850939e-01
  -6.0000000e+00   1.8927817e+00   6.6678105e-01
  -5.0000000e+00   1.9828438e+00   7.7469024e-01
  -4.0000000e+00   2.1346847e+00   8.0374831e-01
  -3.0000000e+00   2.0636865e+00   7.4488784e-01
  -2.0000000e+00   1.9577805e+00   8.4186675e-01
  -1.0000000e+00   1.7849549e+00   4.7596971e-01
   0.0000000e+00   1.7503396e+00   4.7579466e-01
   1.0000000e+00   1.6652687e+00   4.9315636e-01
   2.0000000e+00   1.6108503e+00   5.8400348e-01
   3.0000000e+00   1.6403273e+00   6.5115045e-01
   4.0000000e+00   1.7000411e+00   5.6127089e-01
   5.0000000e+00   1.8387179e+00   4.6804697e-01
   6.0000000e+00   2.0116066e+00   6.3951347e-01
   7.0000000e+00   2.1858997e+00   9.1348507e-01
   8.0000000e+00   2.2767370e+00   6.8986461e-01
   9.0000000e+00   2.3688384e+00   6.3286016e-01
   1.0000000e+01   2.3904791e+00   9.9745111e-01
   1.1000000e+01   2.4478156e+00   8.4980050e-01
   1.2000000e+01   2.4955518e+00   6.2001412e-01
   1.3000000e+01   2.3787797e+00   5.0846548e-01
   1.4000000e+01   2.3097697e+00   5.2618467e-01
   1.5000000e+01   2.1870667e+00   5.9532462e-01
   1.6000000e+01   2.1523124e+00   5.7312871e-01
   1.7000000e+01   2.1529561e+00   7.1278766e-01
   1.8000000e+01   2.1836071e+00   7.0828468e-01
   1.9000000e+01   2.2610616e+00   7.3652728e-01
   2.0000000e+01   2.2623089e+00   7.1081879e-01
   2.1000000e+01   2.2215692e+00   6.4394468e-01
   2.2000000e+01   2.1606852e+00   6.5267532e-01
   2.3000000e+01   2.1594464e+00   6.9246721e-01
   2.4000000e+01   2.1195864e+00   6.9541015e-01
   2.5000000e+01   2.1687777e+00   6.4439025e-01
   2.6000000e+01   2.0918481e+00   6.4723587e-01
   2.7000000e+01   2.0156111e+00   6.9848147e-01
   2.8000000e+01   1.9611262e+00   6.9788456e-01
   2.9000000e+01   1.9494995e+00   7.0209875e-01
   3.0000000e+01   1.9714589e+00   6.9889351e-01
   3.1000000e+01   2.0580963e+00   6.8219062e-01
   3.2000000e+01   1.9686457e+00   7.3263059e-01
   3.3000000e+01   1.9771449e+00   7.1180366e-01
   3.4000000e+01   1.9901874e+00   7.6014168e-01
   3.5000000e+01   1.9747641e+00   7.2016174e-01
   3.6000000e+01   1.9183831e+00   7.3093699e-01
   3.7000000e+01   1.8941920e+00   7.4848966e-01
   3.8000000e+01   1.8865619e+00   8.0225239e-01
   3.9000000e+01   1.8810979e+00   8.8468439e-01
   4.0000000e+01   1.8693431e+00   9.2730405e-01
   4.1000000e+01   1.8431658e+00   9.2419214e-01
   4.2000000e+01   1.8092075e+00   9.7010694e-01
   4.3000000e+01   1.7951371e+00   1.0018842e+00
   4.4000000e+01   1.7861315e+00   9.6317354e-01
   4.5000000e+01   1.8107665e+00   8.9554232e-01
   4.6000000e+01   1.8330420e+00   8.0918882e-01
   4.7000000e+01   1.8523596e+00   7.7832419e-01
   4.8000000e+01   1.8431329e+00   7.9449542e-01
   4.9000000e+01   1.8352427e+00   8.1209170e-01
   5.0000000e+01   1.8446227e+00   8.3624018e-01
   5.1000000e+01   1.8398654e+00   8.4627441e-01
   5.2000000e+01   1.9030479e+00   8.2716278e-01
   5.3000000e+01   1.8386927e+00   7.7842488e-01
   5.4000000e+01   1.8373770e+00   7.2513077e-01
   5.5000000e+01   1.8133676e+00   6.8076961e-01
   5.6000000e+01   1.7575015e+00   6.4584221e-01
   5.7000000e+01   1.7561758e+00   6.3477667e-01
   5.8000000e+01   1.7436631e+00   7.1953278e-01
   5.9000000e+01   1.7505138e+00   6.0529664e-01
   6.0000000e+01   1.7146988e+00   6.1218664e-01
   6.1000000e+01   1.7016197e+00   6.4276416e-01
   6.2000000e+01   1.6740940e+00   6.9237326e-01
   6.3000000e+01   1.6785758e+00   7.0235268e-01
   6.4000000e+01   1.6951003e+00   7.1382446e-01
   6.5000000e+01   1.7269419e+00   7.0934906e-01
   6.6000000e+01   1.8061861e+00   6.8780009e-01
   6.7000000e+01   1.7989328e+00   6.9594015e-01
   6.8000000e+01   1.7564879e+00   7.6293900e-01
   6.9000000e+01   1.7636953e+00   6.1540493e-01
   7.0000000e+01   1.7878456e+00   5.8463864e-01
   7.1000000e+01   1.7655954e+00   6.5930513e-01
   7.2000000e+01   1.7879242e+00   8.0834399e-01
   7.3000000e+01   1.8336834e+00   7.4435646e-01
   7.4000000e+01   1.8478633e+00   7.6097514e-01
   7.5000000e+01   1.8199371e+00   6.8609050e-01
   7.6000000e+01   1.8377375e+00   5.9703952e-01
   7.7000000e+01   1.8873686e+00   5.9906704e-01
   7.8000000e+01   1.8831464e+00   6.6306388e-01
   7.9000000e+01   1.8849864e+00   7.6397410e-01
   8.0000000e+01   1.9427130e+00   7.8133927e-01
   8.1000000e+01   1.9701044e+00   8.2018735e-01
   8.2000000e+01   2.0169617e+00   8.5731594e-01
   8.3000000e+01   2.0245378e+00   6.8057406e-01
   8.4000000e+01   2.0247511e+00   5.9631696e-01
   8.5000000e+01   2.0816773e+00   6.2419924e-01
   8.6000000e+01   2.0922716e+00   5.1988914e-01
   8.7000000e+01   2.0944413e+00   5.2618757e-01
   8.8000000e+01   2.0433673e+00   5.9967772e-01
   8.9000000e+01   2.0015391e+00   6.5505506e-01
   9.0000000e+01   2.0196571e+00   7.4344364e-01
   9.1000000e+01   1.9831762e+00   6.7482505e-01
   9.2000000e+01   2.0217333e+00   6.7348920e-01
   9.3000000e+01   2.0047538e+00   8.1264962e-01
   9.4000000e+01   2.0075915e+00   6.7632482e-01
   9.5000000e+01   2.0100730e+00   7.1545126e-01
   9.6000000e+01   1.8977536e+00   5.3877964e-01
   9.7000000e+01   1.7671588e+00   4.2758637e-01
   9.8000000e+01   1.6956784e+00   4.2564364e-01
   9.9000000e+01   1.7070632e+00   5.2744780e-01
   1.0000000e+02   1.5905564e+00   5.9241999e-01
   1.0100000e+02   1.6475286e+00   6.1281621e-01
   1.0200000e+02   1.6566005e+00   6.0810566e-01
   1.0300000e+02   1.7197632e+00   5.7406778e-01
   1.0400000e+02   1.7158905e+00   6.2974335e-01
   1.0500000e+02   1.7397309e+00   6.5761042e-01
   1.0600000e+02   1.6444663e+00   6.1304851e-01
   1.0700000e+02   1.6454684e+00   5.4033755e-01
   1.0800000e+02   1.5247260e+00   5.4410232e-01
   1.0900000e+02   1.4439347e+00   6.0696957e-01
   1.1000000e+02   1.3960697e+00   5.2020402e-01
   1.1100000e+02   1.4212453e+00   6.7153536e-01
   1.1200000e+02   1.4602842e+00   7.8902058e-01
   1.1300000e+02   1.4115782e+00   6.4892334e-01
   1.1400000e+02   1.3989715e+00   7.3290722e-01
   1.1500000e+02   1.4229986e+00   8.4433967e-01
   1.1600000e+02   1.4417717e+00   1.0940494e+00
   1.1700000e+02   1.5004606e+00   1.2577721e+00
   1.1800000e+02   1.4931636e+00   1.1034213e+00
   1.1900000e+02   1.4187698e+00   1.0085302e+00
   1.2000000e+02   1.4092082e+00   9.5858740e-01
