   0.0000000e+00   0.0000000e+00   0.0000000e+00   0.0000000e+00
   1.0000000e+00   5.0057799e-02   4.6146605e-02  -2.2380510e-03
   2.0000000e+00  -3.1229800e-02  -3.0592468e-02   6.5449000e-02
   3.0000000e+00   2.2009193e-02   3.9187808e-02   2.1394466e-02
   4.0000000e+00  -9.7241682e-03   2.2010963e-02   1.3154892e-02
   5.0000000e+00  -1.0940227e-03   5.9214372e-02  -4.7507010e-03
   6.0000000e+00   2.2148934e-02   2.5733052e-03  -2.0116621e-02
   7.0000000e+00  -3.8629431e-02   8.6910133e-04  -7.7044238e-02
   8.0000000e+00  -4.1503065e-02  -1.2533947e-02  -1.6154174e-02
   9.0000000e+00  -3.1712600e-03   2.3329950e-02  -3.9489544e-02
   1.0000000e+01   3.2746450e-02   3.6899711e-04  -1.6208346e-02
   1.1000000e+01   1.9972036e-02  -3.3729522e-02   1.8696345e-02
   1.2000000e+01   4.6951462e-03   3.3369150e-02   6.2225159e-02
   1.3000000e+01   4.6668898e-02   1.6825069e-02  -3.6761508e-02
   1.4000000e+01  -9.5622940e-03   1.3964195e-02   6.0287380e-02
   1.5000000e+01  -1.5104030e-02   3.5584618e-02   1.5652643e-02
   1.6000000e+01   1.6560461e-02  -2.6100708e-02   2.7770317e-02
   1.7000000e+01  -6.5160730e-02   2.7491080e-02  -4.1670791e-02
   1.8000000e+01  -3.2872512e-02   4.2744272e-02  -2.7530233e-02
   1.9000000e+01  -1.1163496e-03  -1.6017122e-02   3.0293186e-02
   2.0000000e+01   3.4293896e-03  -6.1680874e-02  -7.2662799e-02
   2.1000000e+01   2.9037378e-02   3.4693541e-02  -3.6303793e-02
   2.2000000e+01   2.1577701e-02  -8.4493862e-03  -3.7198250e-02
   2.3000000e+01   1.6756777e-02  -2.4951769e-02  -2.0007301e-02
   2.4000000e+01   6.0132224e-04  -1.7563454e-02  -5.3644356e-02
   2.5000000e+01   4.7654397e-02   1.3626906e-02   2.6875895e-02
   2.6000000e+01   1.1365003e-03   2.2383535e-02  -3.9697726e-03
   2.7000000e+01   2.7569894e-02  -1.6476924e-02   5.1308589e-03
   2.8000000e+01  -2.6712234e-02  -2.1483498e-02  -3.0326479e-02
   2.9000000e+01   1.0463766e-03  -3.1522265e-02  -4.7161313e-02
   3.0000000e+01  -1.9954087e-02   1.4579598e-02  -5.6730244e-03
   3.1000000e+01   1.3894498e-02  -3.2163105e-02   2.9049021e-03
   3.2000000e+01   1.9867304e-02   1.2237729e-02   1.8292019e-02
   3.3000000e+01   9.5913792e-04  -4.4123844e-02  -8.9519721e-03
   3.4000000e+01   1.6261668e-02  -3.0445460e-02  -1.9294712e-02
   3.5000000e+01  -2.6398702e-02   4.5782335e-02  -5.2994859e-02
   3.6000000e+01  -4.1512019e-02   4.0606614e-02  -3.2171403e-02
   3.7000000e+01   3.8306219e-02  -2.7204386e-03   3.7203748e-02
   3.8000000e+01  -3.3641203e-02   7.8615450e-02   1.2364745e-02
   3.9000000e+01   5.6091822e-02   3.1909056e-02   3.9938862e-05
   4.0000000e+01   3.0582507e-02   1.2188547e-02  -6.6743464e-02
   4.1000000e+01   1.5422655e-02   1.5835561e-02   2.1141354e-03
   4.2000000e+01   9.2883283e-03  -4.0635223e-03   1.7536134e-02
   4.3000000e+01   3.4649835e-02   1.1247748e-02  -9.6206294e-03
   4.4000000e+01   4.0825954e-02   1.5711128e-02  -2.5156681e-02
   4.5000000e+01   3.3379564e-02  -5.3069602e-03  -7.4322694e-02
   4.6000000e+01   1.5241977e-02   4.9205903e-02   2.1486407e-02
   4.7000000e+01  -2.1972012e-02  -2.6945312e-02  -4.4082279e-03
   4.8000000e+01   2.4576754e-02  -1.0947890e-02  -9.9362039e-04
   4.9000000e+01  -3.4315608e-02  -1.9560235e-02   7.4597849e-03
   5.0000000e+01  -9.4201856e-03   5.6306459e-02   4.4865840e-02
   5.1000000e+01  -3.6728011e-02   3.8094065e-02   7.2653074e-03
   5.2000000e+01   6.6817342e-02   7.4960568e-03   3.3243416e-02
   5.3000000e+01   8.7176639e-02  -9.5896602e-03   5.9454164e-02
   5.4000000e+01   3.3485798e-02  -3.1940714e-02  -7.2333788e-03
   5.5000000e+01   1.9521750e-02  -2.7920322e-03  -2.3739876e-03
   5.6000000e+01  -1.9219901e-02   4.3935409e-03  -3.5688291e-02
   5.7000000e+01  -2.2723548e-02  -1.7686407e-02  -1.7620644e-02
   5.8000000e+01   6.3245296e-02  -7.4617102e-02   4.3484602e-02
   5.9000000e+01   3.0290136e-02   1.6410623e-02  -8.3908237e-04
   6.0000000e+01  -3.0178645e-03   3.4849166e-02   7.6312187e-03
   6.1000000e+01  -7.4338236e-02  -1.8784919e-02   6.8078548e-03
   6.2000000e+01  -7.3224677e-02   2.9994127e-03  -5.7070916e-02
   6.3000000e+01  -4.1967535e-02  -3.0909317e-03  -5.0084260e-02
   6.4000000e+01   1.1733545e-02  -4.4470152e-02   2.4713775e-02
   6.5000000e+01   1.4288575e-02   2.8323616e-02  -1.4911838e-03
   6.6000000e+01   9.0608154e-03   2.8727988e-02   3.2796307e-02
   6.7000000e+01  -6.0714286e-02  -1.3712182e-03  -2.7178715e-02
   6.8000000e+01   6.4177088e-04  -4.4250028e-03  -2.0581216e-02
   6.9000000e+01   1.1738898e-02   1.7174066e-02   2.7013650e-03
   7.0000000e+01  -3.1789376e-02   2.3629096e-02   5.1296235e-02
   7.1000000e+01  -1.6122391e-02  -3.3597472e-02  -5.3276048e-02
   7.2000000e+01   1.4274948e-02   6.0365153e-03  -1.6020681e-02
   7.3000000e+01  -5.8956985e-03  -6.9357350e-02  -1.2486205e-02
   7.4000000e+01  -2.5187597e-02   4.1673860e-02  -4.2607946e-02
   7.5000000e+01  -2.8694399e-02  -6.0226623e-02  -1.0781402e-02
   7.6000000e+01   1.9320844e-02  -2.5145328e-04   1.7463593e-02
   7.7000000e+01  -7.8392293e-03  -6.1963804e-04   1.5210136e-02
   7.8000000e+01   2.8978075e-02  -3.2316824e-02   1.9952684e-03
   7.9000000e+01  -1.9266704e-02  -2.4368393e-02   1.6189508e-02
   8.0000000e+01  -6.8607784e-03  -4.3311905e-02   1.3503367e-02
   8.1000000e+01  -2.8913462e-02  -2.3797812e-02   1.3461015e-02
   8.2000000e+01   1.3528123e-02  -2.3050513e-02  -3.7340565e-02
   8.3000000e+01  -2.7642726e-02  -1.2368457e-05   1.6218396e-02
   8.4000000e+01   2.8892303e-02  -1.5054667e-02   1.0469516e-02
   8.5000000e+01   1.0314173e-02  -2.7626949e-02   2.7946818e-02
   8.6000000e+01  -4.6028465e-02   1.4924138e-02  -6.5201935e-02
   8.7000000e+01   4.5009973e-02   1.8290186e-02  -2.1584165e-02
   8.8000000e+01   2.3362425e-02   1.4719654e-02  -1.0361516e-03
   8.9000000e+01   5.2464168e-02   7.3144711e-03  -3.1230899e-02
   9.0000000e+01  -3.1937272e-03   6.5075979e-02   3.2063109e-02
   9.1000000e+01   3.6835715e-02   5.8486742e-02   3.3126211e-02
   9.2000000e+01  -8.1205656e-02  -3.5968892e-02  -1.0282767e-01
   9.3000000e+01  -1.0393749e-02   2.9316726e-02  -2.2300596e-02
   9.4000000e+01   6.0688137e-02  -7.9419684e-03   4.1001560e-03
   9.5000000e+01   4.6645410e-03   2.7175602e-03  -5.0026418e-02
   9.6000000e+01   7.4144702e-03  -3.0712340e-03   8.3366003e-02
   9.7000000e+01  -1.3605374e-02  -3.0125173e-02  -1.8745158e-03
   9.8000000e+01   2.9733398e-03  -6.6981356e-03  -6.3669891e-02
   9.9000000e+01  -1.4424196e-02  -2.2740309e-02  -1.5930314e-03
   1.0000000e+02   4.8681935e-02  -3.6760113e-02  -4.3702235e-02
   1.0100000e+02   1.7940585e-02  -6.1566986e-02  -1.0353402e-02
   1.0200000e+02  -4.9676700e-02   1.0256444e-02   7.0710128e-03
   1.0300000e+02  -1.4599748e-02  -1.4965228e-02  -1.0219195e-02
   1.0400000e+02   4.1293165e-02  -5.0934831e-03  -9.9145033e-02
   1.0500000e+02  -6.3589426e-02   1.1425543e-02   6.4324713e-03
   1.0600000e+02   1.4194866e-02   1.3825461e-02  -8.0745297e-03
   1.0700000e+02   3.2285607e-02   2.5691665e-02   4.5097354e-02
   1.0800000e+02  -3.7326881e-02  -7.1348186e-03  -1.1160472e-02
   1.0900000e+02  -3.4926536e-02  -2.8377576e-02   1.6191404e-02
   1.1000000e+02   1.3690785e-03  -5.2241303e-02   3.0477300e-02
   1.1100000e+02  -1.2260184e-02   3.3805366e-02  -1.7464509e-02
   1.1200000e+02   4.7433191e-02   6.3073247e-03   5.4100942e-03
   1.1300000e+02  -2.1816389e-02  -1.8015679e-02  -6.7707203e-03
   1.1400000e+02  -3.9311172e-02   1.7931811e-02   2.4901411e-02
   1.1500000e+02  -1.1331731e-02  -7.5984666e-02   1.4312339e-02
   1.1600000e+02  -9.8725496e-02   3.1102280e-02   2.0591745e-02
   1.1700000e+02   1.4032070e-02  -8.0540498e-02   6.6237940e-03
   1.1800000e+02  -1.1695684e-02   7.2899661e-03   2.3097285e-02
   1.1900000e+02  -4.6590920e-02   3.6249127e-02  -1.4210587e-02
   1.2000000e+02   5.4396843e-02  -5.9245733e-02  -3.3865836e-02
   1.2100000e+02  -1.6750048e-03  -1.6817276e-03   5.8611028e-02
   1.2200000e+02  -1.6622665e-02   8.8022591e-03  -3.1303090e-02
   1.2300000e+02  -4.1435575e-03  -4.2143499e-02  -2.0665947e-03
   1.2400000e+02  -2.6152314e-02   7.5473873e-03  -3.3995413e-02
   1.2500000e+02  -8.9940978e-03   5.0519205e-03  -3.1901029e-02
   1.2600000e+02   3.2463170e-02   1.1379183e-02  -5.6465799e-02
   1.2700000e+02   4.2898201e-03   4.7032108e-02  -4.3951357e-02
   1.2800000e+02  -1.2131554e-02   6.5513416e-02  -6.9355113e-03
   1.2900000e+02  -5.9130142e-03  -4.1936877e-02   1.6019739e-02
   1.3000000e+02  -8.4992306e-02   1.2432211e-02   2.3962355e-02
   1.3100000e+02   1.3180809e-02   2.2512204e-02   3.5079279e-02
   1.3200000e+02   3.2327470e-02  -1.1648179e-02  -1.3035110e-02
   1.3300000e+02  -2.2940444e-02   4.3088135e-02   3.7852343e-02
   1.3400000e+02   3.5641290e-02   4.1087540e-03  -1.0617787e-02
   1.3500000e+02   2.1470298e-02   1.3199060e-02  -3.2068337e-02
   1.3600000e+02   5.0037735e-02   1.2989743e-02   3.8556540e-02
   1.3700000e+02   1.5646872e-02  -6.4459147e-02   1.7554735e-02
   1.3800000e+02   1.5436147e-02   1.0927482e-02  -2.2293210e-03
   1.3900000e+02   7.3180211e-03  -9.2100280e-03  -4.3191322e-02
   1.4000000e+02  -5.5189188e-02  -4.3207850e-02   1.1105493e-02
   1.4100000e+02  -3.5362280e-03  -6.6109868e-04  -4.6237321e-02
   1.4200000e+02  -5.5324390e-02   3.8473330e-02   7.8765496e-03
   1.4300000e+02   3.1742602e-02   2.3563903e-02   6.5685103e-02
   1.4400000e+02  -5.3451030e-02   1.2500721e-02  -4.4234412e-02
   1.4500000e+02   2.2302040e-03   5.8703295e-02  -3.8375444e-02
   1.4600000e+02   3.4105530e-02   1.3603139e-02   5.2313100e-02
   1.4700000e+02   1.9748834e-02   5.6737489e-02  -3.1983990e-02
   1.4800000e+02  -2.6156542e-02   2.9577861e-02   6.6665693e-02
   1.4900000e+02  -4.8790066e-02  -8.4091180e-04   9.0390556e-03
   1.5000000e+02  -3.8565790e-03   3.1759660e-02  -1.4590421e-03
   1.5100000e+02   1.8730371e-02   1.3263707e-02  -2.1789413e-02
   1.5200000e+02  -3.3453240e-03  -3.7545196e-03   1.9357752e-02
   1.5300000e+02  -4.4314703e-02   6.1711945e-02   5.6705203e-03
   1.5400000e+02  -6.8668960e-03   1.2999189e-03  -7.0653533e-03
   1.5500000e+02  -1.6178209e-02  -2.3864939e-02  -9.2654639e-03
   1.5600000e+02   4.6799898e-02  -1.1468382e-02   1.3600758e-02
   1.5700000e+02   4.8929304e-03   1.1001979e-02  -1.4240390e-02
   1.5800000e+02  -2.5617216e-02  -1.3186162e-02   5.9560178e-03
   1.5900000e+02  -6.1309752e-03  -3.7318642e-02   1.9396904e-02
   1.6000000e+02  -4.1023688e-02   2.0817007e-02  -5.0260784e-02
   1.6100000e+02   5.2392902e-02   2.9803213e-02  -5.9580570e-03
   1.6200000e+02   4.3975530e-02  -1.8202421e-02   2.3561830e-03
   1.6300000e+02  -3.1312657e-02   5.9842825e-04  -7.3132345e-02
   1.6400000e+02  -6.0340037e-03  -7.2857979e-02  -2.5671230e-02
   1.6500000e+02  -7.1516906e-02   6.1293094e-02  -3.2604998e-03
   1.6600000e+02   1.1619929e-02   4.9148172e-02  -6.0006969e-02
   1.6700000e+02  -1.6513736e-03  -1.0995139e-02  -5.6440133e-02
   1.6800000e+02  -3.1879408e-02   3.7380543e-02   2.5004854e-02
   1.6900000e+02   1.5180921e-02  -1.4502637e-02  -5.0267897e-03
   1.7000000e+02  -8.9192268e-03  -5.3762555e-03   2.5192158e-02
   1.7100000e+02   1.2242792e-02  -2.6795638e-02  -4.0483868e-02
   1.7200000e+02  -3.5543270e-03   2.6943126e-02  -5.7410342e-02
   1.7300000e+02   1.6237247e-02  -1.4377075e-02   2.6425705e-02
   1.7400000e+02  -2.9770276e-02  -1.2240761e-02  -3.5054679e-02
   1.7500000e+02  -1.1423902e-02  -1.7130121e-02  -9.0600837e-03
   1.7600000e+02   8.4615261e-03   9.5763366e-03   1.9953418e-02
   1.7700000e+02  -1.6462292e-02   5.3015447e-03  -1.0782695e-02
   1.7800000e+02  -2.4667903e-02   1.4570234e-02   1.8707293e-02
   1.7900000e+02  -2.1740573e-02   3.9385283e-03  -2.9120548e-02
   1.8000000e+02   2.0905472e-02   1.0995543e-02   2.8536477e-02
   1.8100000e+02  -6.4777416e-03  -9.1011086e-03  -8.7559152e-03
   1.8200000e+02  -2.6990569e-02  -6.4179548e-02  -3.4431583e-03
   1.8300000e+02  -6.2716626e-02  -4.1132440e-03  -2.7375710e-02
   1.8400000e+02   1.3037867e-02  -4.5031528e-02  -3.5920670e-02
   1.8500000e+02   2.8388551e-02   1.0536079e-02  -4.3367278e-02
   1.8600000e+02  -3.1296940e-02  -5.6210938e-03   3.1961991e-03
   1.8700000e+02   3.9741691e-02  -7.2828809e-02   5.9944503e-03
   1.8800000e+02   4.1648919e-02  -1.5545555e-02  -5.9332272e-03
   1.8900000e+02  -2.9012956e-02  -4.5104440e-02   5.8219173e-02
   1.9000000e+02   4.3724128e-02   3.6719231e-02  -2.0510869e-02
   1.9100000e+02  -2.3124931e-02  -5.0431915e-02   1.1657548e-02
   1.9200000e+02   6.3208026e-02   8.9303033e-04  -1.1032918e-02
   1.9300000e+02   8.8925227e-02  -7.9775607e-03  -3.7143999e-02
   1.9400000e+02  -2.4918388e-02  -1.2148637e-01  -3.7768871e-02
   1.9500000e+02   2.2796827e-02   1.1385320e-02  -6.4307973e-02
   1.9600000e+02  -5.7713870e-02   1.8394443e-02  -3.7231491e-02
   1.9700000e+02  -9.4425113e-02  -3.5479399e-02   1.3102063e-02
   1.9800000e+02   1.3770332e-02   2.3337024e-02  -4.1239288e-02
   1.9900000e+02   3.1010669e-02  -7.1975513e-02  -5.8969695e-02
   2.0000000e+02  -4.0831612e-02   3.9823089e-02   4.3104143e-02
   2.0100000e+02   5.9669747e-02  -1.5370680e-02   6.7299728e-02
   2.0200000e+02   2.1935136e-02   1.3949483e-02  -4.2892768e-02
   2.0300000e+02  -6.2361038e-02  -3.7685118e-02   1.4981352e-02
   2.0400000e+02   1.3999180e-02   7.3406504e-03  -3.3426997e-02
   2.0500000e+02  -2.0491811e-02  -6.6589415e-03   5.9386557e-02
   2.0600000e+02   4.1811876e-02   2.9862531e-02  -2.2559879e-02
   2.0700000e+02  -9.9262124e-03  -2.0869472e-04  -2.8214200e-03
   2.0800000e+02  -4.2439869e-02   2.6273541e-02   2.1772256e-02
   2.0900000e+02   2.2294284e-02  -2.5712683e-02   4.8954080e-02
   2.1000000e+02  -2.5911126e-02  -1.4549361e-03  -3.8160199e-02
   2.1100000e+02  -9.7073960e-03  -1.7535937e-02   3.7570994e-02
   2.1200000e+02   4.1307331e-03  -2.8515329e-02  -6.1452701e-02
   2.1300000e+02  -1.9973441e-02   5.8242794e-03  -2.8135985e-02
   2.1400000e+02   1.7391877e-03  -1.1264352e-03   1.2057297e-02
   2.1500000e+02  -7.9850178e-03  -3.6980016e-03   5.8598474e-02
   2.1600000e+02  -4.2053511e-02  -3.4315308e-02  -5.4175076e-02
   2.1700000e+02  -2.5958608e-02  -4.6089287e-02   4.4119841e-02
   2.1800000e+02   3.2307064e-02  -4.6231268e-03  -7.4515508e-02
   2.1900000e+02   1.4610907e-02   1.2814193e-02   5.6445742e-03
   2.2000000e+02  -1.5650485e-02   6.4074702e-04   1.3557910e-02
   2.2100000e+02  -3.9610682e-03   1.6918469e-02   2.6359035e-02
   2.2200000e+02   6.7742194e-03  -3.0481956e-02  -2.1454204e-02
   2.2300000e+02   6.4072102e-05   1.9333026e-02   4.9084865e-02
   2.2400000e+02   2.0951158e-02   2.7001672e-02   1.4502112e-02
   2.2500000e+02  -6.0208032e-02   2.2007979e-02   4.6608759e-02
   2.2600000e+02   2.0726471e-02  -4.5079064e-02   2.2014185e-02
   2.2700000e+02   1.3388980e-01  -4.6558555e-02   3.2783651e-02
   2.2800000e+02   5.7379854e-02   2.2871765e-02   2.3790635e-03
   2.2900000e+02   6.0564507e-02  -1.6649801e-02   3.3789131e-02
   2.3000000e+02  -4.6333159e-02  -1.1644638e-02   2.1928445e-02
   2.3100000e+02  -1.0779760e-02   1.5060147e-02  -1.8680226e-02
   2.3200000e+02  -3.8278636e-02   6.1819397e-02  -8.1304341e-03
   2.3300000e+02   6.2027808e-04   8.5927359e-02   6.1363073e-02
   2.3400000e+02   4.9941532e-03   6.7524364e-03  -3.7571013e-02
   2.3500000e+02   9.1262683e-02  -5.1607812e-02  -2.1688084e-02
   2.3600000e+02   5.7865277e-02  -2.5506147e-02  -3.1973998e-02
   2.3700000e+02  -1.8557580e-02  -1.2132122e-03  -5.0845739e-03
   2.3800000e+02   1.4315411e-02  -1.9875663e-02   1.2501333e-02
   2.3900000e+02   8.0581167e-02   5.7505096e-02  -7.2218608e-03
   2.4000000e+02   8.3973277e-03  -2.2007246e-02  -3.1521813e-02
   2.4100000e+02   6.5979382e-02  -7.2648231e-02   5.2029070e-03
   2.4200000e+02  -3.5597675e-03  -6.7821743e-02  -1.3315117e-02
   2.4300000e+02   1.2451689e-02   3.3135934e-02   5.0791530e-02
   2.4400000e+02  -2.5073321e-02   3.0353325e-02   5.5215629e-03
   2.4500000e+02  -4.2282187e-02   4.7202632e-02   2.9777869e-02
   2.4600000e+02   3.6391726e-02   4.0975010e-02  -7.6435836e-02
   2.4700000e+02   4.0713677e-02   9.5127863e-02   4.7971099e-02
   2.4800000e+02   8.3150502e-02   2.1782349e-02   4.6012511e-02
   2.4900000e+02   7.0808339e-03  -1.1675859e-02   7.6797955e-02
   2.5000000e+02   2.7540484e-02   2.6475184e-02   1.8792204e-02
   2.5100000e+02   1.3130264e-02   2.2995319e-02  -8.7248580e-02
   2.5200000e+02  -3.6072075e-02  -1.3812541e-02  -4.5088908e-02
   2.5300000e+02   4.3424137e-02   6.1462464e-02   5.1821218e-02
   2.5400000e+02  -1.7793059e-02  -3.2352598e-02  -2.0360251e-02
   2.5500000e+02   2.8184467e-02   5.1361571e-02  -4.6312928e-02
   2.5600000e+02  -6.4711657e-03   2.2042614e-02  -2.1899611e-02
   2.5700000e+02   1.2131576e-02   3.5904438e-02   2.1140990e-02
   2.5800000e+02  -5.9217270e-03  -2.9938505e-02   2.0555899e-02
   2.5900000e+02  -2.1363614e-02  -3.8082585e-02   7.4000408e-04
   2.6000000e+02  -8.2437675e-03   2.1004474e-02   9.5880709e-03
   2.6100000e+02  -1.0963815e-02   2.9232589e-02  -1.1861626e-01
   2.6200000e+02   3.5840565e-02   4.0469030e-02   2.2697346e-02
   2.6300000e+02  -5.0698698e-03  -3.6242540e-02  -3.4825289e-02
   2.6400000e+02   1.9881206e-02  -5.9106519e-02  -1.6291719e-02
   2.6500000e+02   1.4343275e-02   6.7685184e-02  -3.4826230e-02
   2.6600000e+02  -3.4653114e-02  -4.8000238e-02  -7.8010025e-02
   2.6700000e+02   6.8047186e-03  -3.1837032e-02   2.8472380e-02
   2.6800000e+02   4.2777546e-02  -2.0689458e-02  -1.6001431e-02
   2.6900000e+02   4.4414925e-02  -3.1943302e-02   4.8760924e-03
   2.7000000e+02   1.2055522e-02   3.8996469e-02  -6.5576198e-02
   2.7100000e+02  -1.9926437e-03  -8.7269033e-02  -5.2267930e-02
   2.7200000e+02  -7.4820967e-02   8.2002694e-03  -5.3038231e-03
   2.7300000e+02  -3.2130840e-02   4.8309460e-02  -3.4365252e-02
   2.7400000e+02   4.7915950e-02  -4.9575144e-03  -2.8778008e-02
   2.7500000e+02   1.1628126e-02  -2.1684665e-02  -3.5467547e-02
   2.7600000e+02  -2.5085255e-02  -4.5563563e-02  -4.4112474e-02
   2.7700000e+02   5.3240121e-03   9.2435079e-02  -2.7151128e-02
   2.7800000e+02  -3.0271468e-02   4.7587460e-02  -5.1903523e-03
   2.7900000e+02   3.8511239e-02  -8.8279871e-03  -1.1549596e-01
   2.8000000e+02   5.9808281e-02  -3.2285279e-02  -1.4778839e-02
   2.8100000e+02  -6.7564439e-02   1.8634197e-02   6.0387693e-03
   2.8200000e+02   1.8956593e-02   2.0788997e-02   1.9376001e-02
   2.8300000e+02   4.7236792e-02  -2.7011813e-02  -2.1657905e-02
   2.8400000e+02   2.9366322e-02  -4.0474333e-02   5.1591681e-02
   2.8500000e+02   5.6548388e-03   7.6342212e-02   4.5039069e-02
   2.8600000e+02  -8.6137992e-02   4.6448241e-02  -7.1886066e-03
   2.8700000e+02  -8.0496949e-03  -1.4339465e-02  -5.0623574e-03
   2.8800000e+02   3.2233952e-02   5.4247588e-02  -3.3490675e-02
   2.8900000e+02   3.9109910e-02   6.9606890e-03  -6.2799480e-03
   2.9000000e+02   2.9045569e-02  -5.3688652e-02   2.7423218e-02
   2.9100000e+02  -6.6167738e-02  -4.7106095e-02   2.6499733e-02
   2.9200000e+02  -3.3380163e-03  -6.0535332e-02   6.2918756e-03
   2.9300000e+02   3.7579129e-02   2.7560463e-04   3.9371883e-02
   2.9400000e+02  -3.3583521e-02   2.8735049e-02  -1.4900276e-02
   2.9500000e+02  -6.0994825e-02   3.1983544e-02  -6.7827627e-02
   2.9600000e+02   1.3036878e-02  -9.1266680e-04   1.5459359e-03
   2.9700000e+02  -3.9328270e-02  -2.7134786e-02  -2.3083505e-02
   2.9800000e+02  -2.9986011e-02  -6.5017776e-02   1.4773574e-02
   2.9900000e+02  -3.2363569e-02   2.8061498e-03   5.0081196e-02
   3.0000000e+02  -3.9398134e-04   5.8713744e-02   3.4921153e-02
   3.0100000e+02  -2.2068540e-02  -4.2752335e-03  -5.6494434e-02
   3.0200000e+02   5.4374954e-02   4.0064521e-02  -3.1026790e-02
   3.0300000e+02   4.2694142e-02  -2.2163244e-02  -7.0311643e-02
   3.0400000e+02   2.5870992e-02   2.9964029e-02  -3.1683738e-02
   3.0500000e+02   4.0940215e-02   6.5775675e-02  -2.1080127e-03
   3.0600000e+02   1.6327175e-02   5.0733302e-04   2.1544950e-02
   3.0700000e+02  -1.6850626e-02   4.7370728e-02  -1.6323129e-02
   3.0800000e+02   1.9674688e-03   3.9129027e-02   5.7898861e-02
   3.0900000e+02  -2.5809165e-02   5.9041818e-02  -5.6967954e-02
   3.1000000e+02  -8.0283363e-02   2.6107391e-02   6.6599717e-03
   3.1100000e+02  -9.1327425e-03  -1.4373576e-03   1.8849834e-02
   3.1200000e+02   1.1416637e-01   3.6161897e-02  -3.9554023e-02
   3.1300000e+02   2.3461700e-02  -1.5861492e-02  -9.3639720e-03
   3.1400000e+02   9.8243661e-03  -2.5182824e-03   3.7430805e-02
   3.1500000e+02   8.2650215e-03  -2.1014669e-02   9.2393192e-03
   3.1600000e+02  -2.9298093e-03   2.2904486e-02  -1.0344887e-02
   3.1700000e+02   5.3725189e-02   3.4063925e-02   3.7042602e-02
   3.1800000e+02   3.6965425e-02   3.8091530e-04   1.2489339e-02
   3.1900000e+02   2.2507540e-02  -6.5931408e-02   3.7628228e-02
   3.2000000e+02  -1.2411943e-02   2.6573213e-02  -8.9340068e-04
   3.2100000e+02  -6.5802889e-02   7.6941446e-02   5.1599566e-02
   3.2200000e+02  -2.6437319e-02   7.2759460e-02   1.2395744e-01
   3.2300000e+02   1.2634788e-02   2.3937398e-03  -3.4387935e-02
   3.2400000e+02  -1.1751098e-02   1.9254976e-02   1.3554799e-02
   3.2500000e+02   6.5706171e-02   9.3055901e-02  -4.5105146e-02
   3.2600000e+02  -4.6048077e-02   7.2095293e-02  -2.0772837e-02
   3.2700000e+02  -4.1837665e-02  -4.4107750e-02  -4.9995178e-02
   3.2800000e+02   4.3742892e-02  -8.6027093e-03   3.9419495e-02
   3.2900000e+02   3.2645441e-02   2.3543603e-03  -1.7112683e-02
   3.3000000e+02  -1.1819678e-02   2.7764822e-02   3.6546564e-03
   3.3100000e+02   5.3548912e-02   3.2467592e-02   3.8042320e-02
   3.3200000e+02   8.5719854e-03  -1.3489394e-02   1.1441282e-02
   3.3300000e+02  -4.4476035e-02   3.5322517e-02  -5.2537406e-02
   3.3400000e+02  -1.5204347e-02  -3.9385235e-02  -3.0898492e-02
   3.3500000e+02  -8.9615971e-02  -6.5357650e-02   9.9574234e-03
   3.3600000e+02  -1.2795588e-02  -2.0702159e-02  -2.5712976e-02
   3.3700000e+02  -8.7970894e-03   1.3996894e-01   4.9404492e-02
   3.3800000e+02  -5.2599323e-02  -2.5108878e-02  -1.6435441e-02
   3.3900000e+02  -7.6713482e-02   3.7696124e-02   7.4534426e-03
   3.4000000e+02  -1.8448046e-02   1.8323516e-02   4.8130019e-03
   3.4100000e+02  -1.2182131e-01  -3.5085719e-03  -2.4937677e-02
   3.4200000e+02   3.6668140e-03  -2.8619987e-02  -3.0577137e-02
   3.4300000e+02  -3.6665236e-02  -3.5427198e-02  -2.5438582e-02
   3.4400000e+02  -1.6631915e-02   2.2795667e-02  -3.9103304e-02
   3.4500000e+02   4.5054856e-02  -1.5761533e-02   3.2153433e-02
   3.4600000e+02   2.3596113e-02  -4.4516569e-03  -4.7379293e-02
   3.4700000e+02  -3.8754959e-03   1.3957217e-02   5.3119513e-02
   3.4800000e+02  -5.0624042e-02  -3.8765994e-02   7.8284987e-03
   3.4900000e+02  -1.6211990e-03   1.0249724e-02  -8.2729325e-02
   3.5000000e+02   3.6270145e-02  -1.1657637e-03   1.0807492e-02
   3.5100000e+02  -7.3650823e-02   5.1643845e-02  -3.3337447e-02
   3.5200000e+02   3.6967720e-02   5.6576888e-02  -6.4823674e-02
   3.5300000e+02  -6.5675250e-02  -6.0770108e-02   7.7573036e-03
   3.5400000e+02  -9.1014120e-02  -3.7672932e-03   8.4546209e-02
   3.5500000e+02   8.5714918e-02   7.4915771e-02  -3.1821720e-02
   3.5600000e+02  -3.2752492e-02   2.0040782e-02  -2.2251805e-02
   3.5700000e+02  -2.0257283e-02   6.0613207e-03  -1.1813706e-02
   3.5800000e+02  -5.1818271e-02   2.6681030e-02   6.8660353e-02
   3.5900000e+02  -3.1412723e-02  -2.7246501e-03  -4.4890312e-02
   3.6000000e+02  -3.8101079e-05   5.5448431e-02  -1.5603292e-02
   3.6100000e+02  -2.5720575e-02  -1.5926174e-02   3.3681462e-02
   3.6200000e+02  -1.5673475e-02   4.3638781e-02   7.4438467e-02
   3.6300000e+02  -3.9320987e-02  -4.8693779e-02   7.7477944e-02
   3.6400000e+02   1.0392086e-02  -7.4062580e-02   1.1499785e-01
   3.6500000e+02  -2.4538438e-02  -8.7254456e-02   4.8913932e-02
   3.6600000e+02  -2.7135476e-02   4.4480112e-02   8.1382203e-03
   3.6700000e+02   3.7654662e-02   2.1326843e-02   7.5690544e-02
   3.6800000e+02   5.2449958e-02   6.3965537e-02  -2.0577953e-02
   3.6900000e+02  -2.5094629e-02   2.3506277e-03  -2.6893285e-02
   3.7000000e+02   1.2881684e-02  -1.0169891e-02   3.7618881e-02
   3.7100000e+02   3.4023031e-02  -8.4960811e-03  -1.2001500e-02
   3.7200000e+02   5.3381225e-02   2.3631381e-02  -6.3995461e-02
   3.7300000e+02   2.3601114e-02   3.8877157e-02   1.6101427e-02
   3.7400000e+02  -3.4041380e-02   6.5204428e-02  -5.0306144e-02
   3.7500000e+02  -3.3381168e-02   1.1049955e-01   6.0511580e-02
   3.7600000e+02  -2.7589682e-02   9.3231709e-02   8.1969342e-02
   3.7700000e+02  -1.0161812e-01   1.5187469e-02   3.6722115e-02
   3.7800000e+02  -8.9240776e-03  -5.7146433e-02  -1.4177907e-02
   3.7900000e+02  -5.6116505e-03  -7.7295042e-04   7.9644956e-02
   3.8000000e+02   9.3888675e-03   5.8889441e-02   2.4071943e-02
   3.8100000e+02   5.4033378e-03   2.9933334e-02   3.4942678e-02
   3.8200000e+02   4.7326968e-02   1.2289687e-02  -7.9427233e-02
   3.8300000e+02  -7.2939124e-02  -2.1335534e-02  -1.5712991e-02
   3.8400000e+02  -1.0288561e-01  -3.2967767e-02  -9.2195104e-02
   3.8500000e+02   2.2514471e-02   1.2913423e-02   1.9610762e-02
   3.8600000e+02  -2.1810407e-02  -1.0661376e-02  -1.0829452e-02
   3.8700000e+02  -1.1788032e-02   2.2957597e-02  -7.9849962e-03
   3.8800000e+02  -2.7022843e-02   3.3276217e-02  -7.8167757e-02
   3.8900000e+02  -1.0250841e-02  -1.8045309e-02   1.1323848e-02
   3.9000000e+02  -4.4816923e-02  -4.6721099e-02   8.1210184e-03
   3.9100000e+02  -4.0505360e-02  -6.4949446e-02   4.8015013e-02
   3.9200000e+02  -2.9078135e-02   8.7191845e-02   3.8807255e-02
   3.9300000e+02  -3.2340773e-03  -1.4145195e-02  -4.1776781e-02
   3.9400000e+02   2.5054447e-02  -1.0849851e-01   9.3720079e-02
   3.9500000e+02   5.5785965e-02  -3.5921378e-02  -2.5916321e-02
   3.9600000e+02   4.3282088e-02   2.1577395e-03  -7.2923111e-02
   3.9700000e+02  -2.4382177e-02   1.6924626e-03  -4.6636300e-03
   3.9800000e+02  -1.2388542e-02   2.4056695e-02  -5.9131741e-03
   3.9900000e+02  -7.7540228e-02   1.2882020e-02  -7.9159171e-02
   4.0000000e+02   4.8652625e-02   2.5890219e-02   2.1642848e-02
   4.0100000e+02   2.9942351e-02  -1.4602009e-02   2.7909204e-02
   4.0200000e+02   7.3539969e-02   4.5312569e-02   1.1255462e-01
   4.0300000e+02   5.7218491e-02  -9.9559375e-02   9.1137867e-02
   4.0400000e+02   1.4717515e-02  -4.0988487e-02   2.0696939e-02
   4.0500000e+02   4.2981791e-02   3.8001593e-02   3.5859024e-03
   4.0600000e+02  -1.9829763e-03   3.3533377e-02   1.1512251e-01
   4.0700000e+02   6.9588437e-02   7.3238738e-02   6.2236697e-02
   4.0800000e+02   9.0437332e-02  -5.1453857e-02   2.1317298e-04
   4.0900000e+02   1.0343634e-01   2.1951720e-02   3.9135703e-02
   4.1000000e+02   6.3320491e-02   8.1192805e-02  -6.7526536e-02
   4.1100000e+02   4.4925435e-02   3.6202504e-02   7.6783622e-02
   4.1200000e+02  -8.6382560e-03  -7.5856963e-02  -4.4747207e-02
   4.1300000e+02  -2.6990767e-02   5.7688148e-03  -5.1100983e-02
   4.1400000e+02  -3.2335898e-02  -2.2405578e-02   6.3715486e-02
   4.1500000e+02  -9.1003229e-03   4.3698429e-02   8.8143455e-03
   4.1600000e+02  -4.7917768e-02   4.1061021e-03   2.0337224e-02
   4.1700000e+02  -1.4492050e-01  -5.7074993e-02   1.4479888e-02
   4.1800000e+02   8.8657468e-02  -8.7088521e-02  -2.7786834e-02
   4.1900000e+02  -2.3299708e-02  -1.0097606e-01   1.0469045e-01
   4.2000000e+02  -8.7824293e-02  -6.1957231e-02   4.4409342e-02
   4.2100000e+02  -7.1166584e-02   3.4876101e-02   3.0516479e-02
   4.2200000e+02  -7.8745867e-03  -2.9608275e-02  -7.7318466e-02
   4.2300000e+02  -4.8602560e-02   7.5674744e-02  -7.3014007e-02
   4.2400000e+02  -9.5064918e-02  -7.0232363e-04   6.1186596e-03
   4.2500000e+02  -7.0865276e-02   8.5141787e-02  -3.0103862e-03
   4.2600000e+02  -1.0399481e-02   5.8132008e-02  -4.2056435e-02
   4.2700000e+02  -5.9427790e-02   5.1912647e-02  -4.5751962e-03
   4.2800000e+02   5.2564972e-02   3.4059158e-02  -1.8534919e-02
   4.2900000e+02  -1.9876287e-02   1.1554380e-02  -3.3956531e-02
   4.3000000e+02   5.4595327e-02   2.0307322e-02  -8.7311244e-02
   4.3100000e+02  -1.0092584e-01   6.1849372e-02  -6.0804781e-02
   4.3200000e+02  -6.7016615e-02  -8.1208317e-02   1.4299095e-02
   4.3300000e+02   4.1880371e-02  -2.6841408e-02   2.2810241e-02
   4.3400000e+02  -2.2073991e-02  -2.9155489e-02   9.9652087e-02
   4.3500000e+02   4.5982865e-02  -6.9007840e-02  -3.6892770e-02
   4.3600000e+02  -8.0927717e-02  -7.0032914e-02   4.2930348e-02
   4.3700000e+02   9.7435583e-02   4.2919593e-02   1.1716407e-02
   4.3800000e+02   9.2905902e-03  -5.7135339e-02   4.4126076e-02
   4.3900000e+02   4.6216859e-02   2.2447605e-02  -1.7184019e-03
   4.4000000e+02   2.4512193e-02   5.0246072e-02   5.7182609e-03
   4.4100000e+02   8.5165138e-03  -1.2134558e-01   3.3805532e-02
   4.4200000e+02   1.6159088e-02  -6.9336226e-02   9.6107503e-03
   4.4300000e+02   3.2858040e-02  -1.0238591e-02   9.3674345e-03
   4.4400000e+02  -5.8900377e-02   4.0400869e-02  -2.6958496e-03
   4.4500000e+02  -5.2454944e-02   5.8503096e-02  -7.5373222e-02
   4.4600000e+02  -9.1860802e-03   4.8922517e-02   6.2068877e-02
   4.4700000e+02  -3.2697964e-02   5.2589425e-02   9.4935392e-02
   4.4800000e+02  -5.5856781e-03  -4.2688214e-02  -1.6927577e-02
   4.4900000e+02   4.3805019e-02   2.4709197e-02   8.5089038e-02
   4.5000000e+02   2.7494319e-02  -1.7415366e-02   1.6753821e-02
   4.5100000e+02   7.3297060e-02  -1.5888363e-01   5.0773115e-03
   4.5200000e+02   1.7866253e-02  -1.7699870e-02  -2.9250801e-02
   4.5300000e+02  -6.4257360e-02  -9.1215331e-02   9.0091264e-03
   4.5400000e+02  -1.1558662e-01  -1.1487336e-01   1.1161652e-01
   4.5500000e+02  -1.1244936e-01  -3.6451948e-02   1.1262444e-01
   4.5600000e+02  -8.8282079e-02   3.7442088e-03   2.2445477e-02
   4.5700000e+02  -1.0057245e-01  -4.8514414e-02   1.2515267e-01
   4.5800000e+02  -5.4294929e-02  -9.9168877e-02   1.3364815e-02
   4.5900000e+02   3.7073175e-02   4.0784542e-03   9.5893344e-02
   4.6000000e+02   3.0556781e-02  -1.9104958e-03   4.5126705e-02
   4.6100000e+02  -2.0399417e-03   2.3531056e-02  -9.5799705e-02
   4.6200000e+02  -8.9260316e-02   2.2633321e-02  -4.0135072e-02
   4.6300000e+02  -1.3164837e-03  -6.7094232e-02   5.2560743e-02
   4.6400000e+02  -4.4311062e-02   1.2513943e-02   6.9586906e-02
   4.6500000e+02   1.2569998e-04   8.5379278e-02   6.8230354e-02
   4.6600000e+02  -1.4028039e-01   2.6594917e-02  -1.9620045e-02
   4.6700000e+02  -1.1340477e-01  -5.4926643e-02   1.2649532e-01
   4.6800000e+02   2.1945822e-02  -3.9480272e-02   6.6124615e-02
   4.6900000e+02  -5.4997927e-02   4.1312300e-02   6.8660028e-02
   4.7000000e+02   6.8482000e-04  -3.2090462e-02   1.9695101e-02
   4.7100000e+02  -5.6675977e-02  -4.4926622e-02  -7.1151236e-03
   4.7200000e+02  -7.4796838e-02  -1.1001194e-03  -3.7539793e-02
   4.7300000e+02  -8.8396572e-02   3.0218463e-02  -4.9618415e-02
   4.7400000e+02   2.2499144e-03   5.1948124e-02  -1.5639252e-02
   4.7500000e+02   9.3632181e-02   8.1457172e-02  -1.3188449e-01
   4.7600000e+02   1.3683816e-01  -2.6067144e-03  -3.0092064e-02
   4.7700000e+02  -3.5332878e-03  -3.1939032e-02   4.3784415e-02
   4.7800000e+02  -2.4535768e-02  -9.0123373e-02   1.0027150e-01
   4.7900000e+02  -1.9770399e-02  -2.0848344e-02   2.0286322e-02
   4.8000000e+02   1.6947474e-02   8.9474346e-02   2.8672781e-03
   4.8100000e+02  -1.4423932e-02   1.1453496e-01   6.1580342e-02
   4.8200000e+02  -4.2840590e-02   8.1821228e-02  -2.7922418e-02
   4.8300000e+02  -1.1619125e-02   8.8638781e-02  -2.8772408e-02
   4.8400000e+02   1.2073449e-01   8.4598788e-02  -2.3694950e-02
   4.8500000e+02   5.5009006e-02  -4.6872585e-04  -5.0398442e-02
   4.8600000e+02   3.4950767e-02   3.2364023e-02  -8.0982288e-02
   4.8700000e+02   3.4151705e-02  -2.3087093e-02   1.2695454e-02
   4.8800000e+02  -5.8332969e-02  -6.3986462e-02  -5.4028764e-02
   4.8900000e+02  -3.0339251e-02  -2.1464815e-02  -1.4832188e-02
   4.9000000e+02   1.5344484e-02   1.0661862e-01  -3.5324787e-02
   4.9100000e+02  -7.6096592e-02  -4.0095301e-02  -1.6559341e-02
   4.9200000e+02   4.2092614e-02  -2.0266406e-02  -5.7131073e-02
   4.9300000e+02   8.7229047e-02  -3.3523759e-03   1.0406911e-03
   4.9400000e+02   2.3345772e-02   4.6894241e-02   4.0085328e-02
   4.9500000e+02   1.3073640e-02   3.2764990e-02  -5.2995618e-02
   4.9600000e+02   1.3966666e-01  -1.5805706e-01  -1.3318529e-02
   4.9700000e+02   4.3784406e-03  -4.1139407e-03  -1.3300409e-01
   4.9800000e+02  -8.4711886e-04   4.8659590e-02   3.8757021e-02
   4.9900000e+02  -9.7911977e-02   2.2002222e-02   1.8305121e-01
   5.0000000e+02  -1.3933700e-01   1.0900416e-01   1.2743294e-01
   5.0100000e+02   7.1977259e-02   5.9588416e-02   1.2565334e-02
   5.0200000e+02  -7.5266941e-02   6.7429380e-02  -2.5028230e-02
   5.0300000e+02  -3.6902605e-02  -1.8658609e-02  -4.4769999e-02
   5.0400000e+02  -1.4157452e-02  -4.1297057e-02   4.3970365e-02
   5.0500000e+02   1.0966773e-02  -5.0007938e-02   1.0209959e-01
   5.0600000e+02   8.5362927e-02   1.6669613e-02   6.2735331e-02
   5.0700000e+02  -1.0748174e-02  -8.2292089e-03   5.6527719e-02
   5.0800000e+02  -2.7381901e-02  -4.5349581e-02   4.8952910e-02
   5.0900000e+02   5.3998068e-02  -1.0209498e-02   8.9075317e-03
   5.1000000e+02   6.2795135e-02   1.7663031e-01   8.2794580e-02
   5.1100000e+02   8.9312909e-02   3.8893257e-02  -3.8150406e-03
   5.1200000e+02  -1.6930934e-03  -4.0656843e-02   7.1991169e-03
   5.1300000e+02  -4.5342364e-02  -3.7508679e-02  -3.1549302e-02
   5.1400000e+02   3.8580279e-03  -1.1279300e-02   1.1376357e-01
   5.1500000e+02  -8.7302528e-02   3.5365463e-02  -1.2501390e-02
   5.1600000e+02   7.6354571e-03  -2.7132426e-02  -1.1710776e-02
   5.1700000e+02  -9.9023918e-02  -5.9041591e-02  -1.3013340e-01
   5.1800000e+02  -1.5837624e-03  -1.7429914e-01  -1.2452454e-01
   5.1900000e+02  -1.1604599e-01  -1.4965086e-02   1.4096879e-02
   5.2000000e+02  -2.8332113e-02   2.3017991e-02   1.4612015e-02
   5.2100000e+02   1.5974088e-02  -5.4911993e-02  -1.4085002e-01
   5.2200000e+02  -8.6511762e-02  -1.2747960e-02  -7.3635854e-02
   5.2300000e+02  -4.2412283e-02  -2.3813872e-01  -8.5308709e-02
   5.2400000e+02  -6.5012659e-02  -1.4122109e-02   5.2265973e-02
   5.2500000e+02   2.6106822e-02   1.1977853e-02   5.0126575e-02
   5.2600000e+02  -4.9385374e-03  -3.8937303e-02   5.0568174e-02
   5.2700000e+02  -4.6108198e-02   2.1188446e-02   2.6207270e-02
   5.2800000e+02  -1.4582238e-01   7.8260675e-03   1.1237038e-01
   5.2900000e+02  -1.5871535e-01   9.0861477e-02   2.3034733e-02
   5.3000000e+02  -1.4001762e-01   3.6810171e-02   4.9967593e-02
   5.3100000e+02  -8.9502909e-02  -8.1765273e-03   2.7737817e-02
   5.3200000e+02   7.8210387e-02   1.0837478e-02   2.6204193e-02
   5.3300000e+02  -6.9277099e-03  -7.1811443e-02  -7.2547564e-02
   5.3400000e+02  -1.2087831e-01   4.8730555e-02  -7.5873921e-02
   5.3500000e+02  -8.8779687e-02  -2.9400880e-02  -8.5306078e-03
   5.3600000e+02  -9.3283751e-02  -3.9168184e-02  -1.7322819e-02
   5.3700000e+02  -2.7374197e-02  -1.6022885e-02   3.0852895e-02
   5.3800000e+02  -5.7653135e-02   3.5580305e-03   5.5200852e-03
   5.3900000e+02  -8.1082762e-02   1.1349046e-01   1.0991865e-02
   5.4000000e+02   1.6000554e-01  -2.5391755e-02  -1.5451687e-01
   5.4100000e+02   4.1722134e-02  -1.5597919e-02  -3.4048256e-02
   5.4200000e+02   1.9706657e-01  -3.5187729e-02  -6.7060481e-02
   5.4300000e+02   1.8235650e-02  -6.1411903e-02   2.1047026e-02
   5.4400000e+02   1.0705828e-01   5.0109827e-02   3.0453200e-02
   5.4500000e+02  -1.3543126e-01   9.3266544e-02  -4.4880299e-02
   5.4600000e+02  -1.1539961e-01   2.2284423e-02  -1.4135191e-01
   5.4700000e+02  -2.2954913e-01   2.3457707e-02  -3.6554463e-02
   5.4800000e+02  -9.5761723e-02   1.8457487e-02  -1.1547063e-01
   5.4900000e+02  -1.2302723e-01  -4.9030343e-03  -3.2351929e-02
   5.5000000e+02  -4.8100367e-03  -1.0102084e-01   5.0832621e-02
   5.5100000e+02   4.4940944e-02  -1.0800843e-01   5.0490455e-02
   5.5200000e+02   1.8676049e-02   1.4102683e-02   5.8087110e-02
   5.5300000e+02   1.1110109e-01   3.3096836e-02  -4.5588738e-03
   5.5400000e+02   1.8519571e-02  -1.5688845e-02   1.1509194e-01
   5.5500000e+02   1.9261234e-02  -8.6517505e-02  -1.5441428e-01
   5.5600000e+02  -1.1481592e-01  -2.1535976e-02  -1.2648784e-01
   5.5700000e+02  -4.0816547e-02   1.8593898e-02  -1.0921720e-01
   5.5800000e+02  -4.9933636e-02   6.9338332e-02  -3.4486656e-02
   5.5900000e+02  -1.0846112e-01   1.1264356e-01  -6.3185951e-02
   5.6000000e+02   4.9743618e-03   7.8664230e-02   2.3150876e-02
   5.6100000e+02  -9.6604881e-02   9.0885430e-02   1.0384109e-01
   5.6200000e+02   5.6610506e-02   1.0915748e-01   1.2591900e-02
   5.6300000e+02  -2.8970284e-02   1.4555824e-01   4.2202526e-02
   5.6400000e+02   4.6706678e-02   8.8618552e-02  -9.9129671e-02
   5.6500000e+02  -5.0864399e-02  -5.2003466e-02   6.6662656e-02
   5.6600000e+02  -9.2734044e-02   8.3074406e-02   6.4669908e-04
   5.6700000e+02  -2.5424661e-01   8.2402578e-02   2.4174327e-02
   5.6800000e+02  -1.1647806e-01   4.9928205e-02   5.1574529e-02
   5.6900000e+02  -1.1343748e-01   1.2771377e-01  -1.4249287e-03
   5.7000000e+02  -1.1309916e-02   8.2432081e-02   4.0801302e-02
   5.7100000e+02  -1.8082671e-01   2.1727334e-02   3.5179240e-02
   5.7200000e+02  -7.7513999e-02   4.1428658e-02   1.0336856e-01
   5.7300000e+02   1.4575110e-02  -5.8913742e-03   2.9189861e-02
   5.7400000e+02   6.5096719e-02  -1.8611039e-02  -3.9625012e-02
   5.7500000e+02   6.6782785e-02   8.0934725e-02   1.3395435e-02
   5.7600000e+02   5.4478317e-02   1.2810381e-01   1.2730174e-01
   5.7700000e+02  -4.7153114e-03   1.0394864e-01   1.9389601e-01
   5.7800000e+02  -2.8117790e-02  -4.4850379e-02  -1.8466910e-02
   5.7900000e+02  -7.9310923e-02   1.3166167e-01  -4.1688941e-02
   5.8000000e+02  -1.3425841e-01   4.0153349e-02   1.0008119e-01
   5.8100000e+02  -1.0430813e-01   5.5376601e-02  -2.8191062e-03
   5.8200000e+02  -1.3625272e-01   1.2380505e-01  -1.6854319e-01
   5.8300000e+02  -1.7162085e-01   1.3533627e-01  -2.7120520e-02
   5.8400000e+02  -9.9173518e-02  -9.8718883e-03  -8.7872465e-02
   5.8500000e+02  -1.2043395e-01   8.8668818e-03  -1.1513350e-01
   5.8600000e+02   4.1625203e-02  -2.5350430e-02  -8.5353037e-02
   5.8700000e+02   5.9294370e-02  -8.2289552e-02  -3.2973168e-02
   5.8800000e+02   7.2085596e-02   6.7510483e-02  -3.5265104e-02
   5.8900000e+02   1.3332005e-01  -1.5482029e-01  -2.0351622e-01
   5.9000000e+02   8.1679966e-02   3.9620674e-03  -1.4083099e-01
   5.9100000e+02   1.6415514e-01  -8.9159720e-02  -4.0410404e-02
   5.9200000e+02   8.9437178e-02  -3.7363403e-02   8.1950767e-02
   5.9300000e+02   1.6486270e-01  -6.2892601e-02   7.5510340e-02
   5.9400000e+02   3.0258581e-02  -1.7662647e-02   1.0590364e-01
   5.9500000e+02   1.7489371e-01  -7.4618812e-02   8.8814331e-02
   5.9600000e+02   4.4877702e-02  -1.5632609e-01   2.0324368e-01
   5.9700000e+02  -9.7994442e-02  -1.1446216e-01   1.8417540e-01
   5.9800000e+02  -2.1606882e-01  -1.7456592e-01   2.5337359e-02
   5.9900000e+02  -1.6893813e-01  -1.2258440e-01   1.0442247e-01
   6.0000000e+02  -2.1259254e-01  -1.1951094e-01   5.8873810e-02
   6.0100000e+02  -1.6076526e-01   5.4449316e-03   2.2918777e-01
   6.0200000e+02  -1.7278130e-01  -3.5794792e-02   7.4588330e-02
   6.0300000e+02  -7.8220811e-02  -9.4629467e-02   1.6631881e-01
   6.0400000e+02  -2.0430755e-01  -5.6513780e-02   1.1768753e-01
   6.0500000e+02  -2.4364428e-01  -8.8229561e-02   9.7536153e-02
   6.0600000e+02  -1.5136056e-01  -2.2179668e-02   2.6243008e-01
   6.0700000e+02  -1.8837032e-01   8.3786676e-02   3.1674913e-01
   6.0800000e+02  -1.1838733e-01   1.8139021e-01   2.0750432e-01
   6.0900000e+02  -1.5722055e-01   2.2286592e-01   2.7203484e-01
   6.1000000e+02   3.6511282e-03   2.2949960e-01   2.8061957e-01
   6.1100000e+02   9.1510074e-02   1.9511045e-01   3.0541216e-01
   6.1200000e+02   1.0272628e-01   2.1162813e-01   1.9974314e-01
   6.1300000e+02   4.8183639e-02   1.5515926e-01   1.4989079e-01
   6.1400000e+02   1.7229491e-02   1.5815825e-01   6.9023166e-02
   6.1500000e+02  -3.3983560e-02   1.5671436e-01  -1.7349062e-01
   6.1600000e+02   1.0983581e-03  -8.2884731e-03  -1.0830826e-01
   6.1700000e+02  -4.7459409e-02   7.0650206e-02  -2.4490477e-01
   6.1800000e+02   4.2980301e-02  -7.7816416e-02  -6.2598425e-02
   6.1900000e+02   2.4769315e-01  -1.5983680e-01  -3.0685172e-02
   6.2000000e+02   2.3553504e-01  -1.1444543e-01   7.2676521e-03
   6.2100000e+02   1.8179842e-01  -2.2594503e-01   1.6128365e-02
   6.2200000e+02   1.1738341e-01  -2.9357343e-01   1.3776451e-02
   6.2300000e+02   3.8643422e-02  -2.0454037e-02   2.9608404e-04
   6.2400000e+02   1.2229854e-02   1.5776568e-03  -3.5433606e-02
   6.2500000e+02  -1.2500779e-01   4.6419562e-02  -1.7230444e-01
   6.2600000e+02  -3.2750709e-02   1.2337161e-01  -2.2589434e-01
   6.2700000e+02  -7.7284522e-02   2.8920867e-01  -2.1732624e-01
   6.2800000e+02  -1.0514389e-01   3.0616709e-01  -1.9350282e-01
   6.2900000e+02  -3.4076375e-02   2.3038649e-01  -5.3035357e-02
   6.3000000e+02   4.8357610e-03   2.5905283e-01   2.8576268e-02
   6.3100000e+02  -1.0373076e-01   2.3380402e-01  -1.1232372e-02
   6.3200000e+02  -7.1823802e-02   1.7277950e-01  -2.1735829e-01
   6.3300000e+02  -2.3162096e-02   1.0706300e-01  -1.4920138e-01
   6.3400000e+02   3.7476485e-02   5.7901079e-03  -2.9275302e-01
   6.3500000e+02  -1.1555007e-01  -5.4372334e-02  -2.0245906e-01
   6.3600000e+02  -3.2617278e-01  -2.0570411e-01  -2.9612942e-01
   6.3700000e+02  -2.9443210e-01  -1.7539834e-01  -2.1890022e-01
   6.3800000e+02  -2.9780635e-01  -3.0849017e-01  -2.8154001e-01
   6.3900000e+02  -3.1197657e-01  -3.4546965e-01  -3.8935768e-01
   6.4000000e+02  -3.4271492e-01  -2.2481824e-01  -3.0796240e-01
   6.4100000e+02  -2.1040171e-01  -2.3538080e-01  -3.3989906e-01
   6.4200000e+02  -3.3366187e-01  -2.1638317e-01  -4.4190953e-01
   6.4300000e+02  -3.3286839e-01  -9.7247917e-02  -3.5987705e-01
   6.4400000e+02  -3.6290975e-01  -1.4545791e-01  -4.2797169e-01
   6.4500000e+02  -3.1426978e-01  -2.2258697e-01  -3.0047813e-01
   6.4600000e+02  -3.6872791e-01  -3.7838894e-01  -4.2777316e-01
   6.4700000e+02  -3.0500635e-01  -4.2899265e-01  -3.8516610e-01
   6.4800000e+02  -4.2676605e-01  -3.0967990e-01  -3.1406677e-01
   6.4900000e+02  -3.2729607e-01  -2.9502086e-01  -2.9748495e-01
   6.5000000e+02  -2.1136751e-01  -3.2744191e-01  -3.2472300e-01
   6.5100000e+02  -3.3372586e-01  -3.8952998e-01  -3.2774778e-01
   6.5200000e+02  -3.5303577e-01  -3.4835226e-01  -2.2033595e-01
   6.5300000e+02  -2.9480226e-01  -3.0217870e-01  -3.5197919e-01
   6.5400000e+02  -2.5780947e-01  -4.4182727e-01  -3.3983579e-01
   6.5500000e+02  -3.7305655e-01  -3.7627376e-01  -2.7274310e-01
   6.5600000e+02  -3.0007253e-01  -3.8457480e-01  -1.8059560e-01
   6.5700000e+02  -2.6783103e-01  -3.1513647e-01  -4.0640923e-01
   6.5800000e+02  -2.6241350e-01  -4.8509507e-01  -3.6326916e-01
   6.5900000e+02  -2.7717085e-01  -4.2928240e-01  -3.0699763e-01
   6.6000000e+02  -4.3485546e-01  -2.8830607e-01  -2.7101965e-01
   6.6100000e+02  -3.4858498e-01  -4.4507038e-01  -2.1182953e-01
   6.6200000e+02  -2.7042001e-01  -3.8419330e-01  -1.5344146e-01
   6.6300000e+02  -5.2474612e-01  -4.9599100e-01  -2.0071689e-01
   6.6400000e+02  -4.0912142e-01  -4.5482131e-01  -4.1430734e-01
   6.6500000e+02  -4.5843729e-01  -4.0450609e-01  -4.3076157e-01
   6.6600000e+02  -4.6705452e-01  -4.9843294e-01  -4.0633293e-01
   6.6700000e+02  -3.2909129e-01  -4.0670663e-01  -4.2641707e-01
   6.6800000e+02  -3.8468020e-01  -3.8006783e-01  -4.7747060e-01
   6.6900000e+02  -4.8782409e-01  -4.3528382e-01  -4.8246075e-01
   6.7000000e+02  -4.1405770e-01  -4.9800138e-01  -4.6233509e-01
   6.7100000e+02  -3.7211015e-01  -4.1359140e-01  -3.3103316e-01
   6.7200000e+02  -3.4207413e-01  -4.2970608e-01  -4.3732288e-01
   6.7300000e+02  -3.9832970e-01  -4.5298688e-01  -3.7568713e-01
   6.7400000e+02  -4.0888966e-01  -4.2142832e-01  -4.1016330e-01
   6.7500000e+02  -4.9275173e-01  -3.9604911e-01  -3.6023288e-01
   6.7600000e+02  -4.9278637e-01  -3.2417107e-01  -3.7148928e-01
   6.7700000e+02  -5.0506916e-01  -4.8805011e-01  -3.8812577e-01
   6.7800000e+02  -5.0262702e-01  -5.2643278e-01  -3.9447127e-01
   6.7900000e+02  -6.1727800e-01  -4.2142511e-01  -3.0866761e-01
   6.8000000e+02  -4.8992590e-01  -4.4988714e-01  -4.9026841e-01
   6.8100000e+02  -5.3040770e-01  -5.2131460e-01  -4.8105397e-01
   6.8200000e+02  -5.4030657e-01  -3.9519916e-01  -3.9782832e-01
   6.8300000e+02  -3.6902398e-01  -4.2012363e-01  -4.6580782e-01
   6.8400000e+02  -3.5653119e-01  -5.2635314e-01  -4.5646239e-01
   6.8500000e+02  -3.4497773e-01  -4.5477850e-01  -5.0427537e-01
   6.8600000e+02  -4.3696597e-01  -4.1061010e-01  -4.5088583e-01
   6.8700000e+02  -4.7920011e-01  -4.5671326e-01  -5.5818843e-01
   6.8800000e+02  -3.9618668e-01  -4.7487563e-01  -5.7740626e-01
   6.8900000e+02  -4.1535108e-01  -4.8427478e-01  -2.7026454e-01
   6.9000000e+02  -4.2690784e-01  -5.3185678e-01  -4.1728783e-01
   6.9100000e+02  -5.0054635e-01  -4.6875697e-01  -5.6784586e-01
   6.9200000e+02  -3.5134920e-01  -4.6673645e-01  -4.5176075e-01
   6.9300000e+02  -3.2558894e-01  -4.9268384e-01  -4.3798042e-01
   6.9400000e+02  -3.3416345e-01  -4.4545516e-01  -5.0132118e-01
   6.9500000e+02  -3.7832950e-01  -4.3649192e-01  -4.9018650e-01
   6.9600000e+02  -4.7349356e-01  -4.6315067e-01  -5.7047020e-01
   6.9700000e+02  -4.2442623e-01  -5.3870952e-01  -5.4181551e-01
   6.9800000e+02  -4.5203108e-01  -3.9187609e-01  -4.7684391e-01
   6.9900000e+02  -4.4599922e-01  -4.9815591e-01  -5.1439790e-01
   7.0000000e+02  -4.8507251e-01  -3.8083478e-01  -4.7725954e-01
   7.0100000e+02  -5.2270780e-01  -4.7152641e-01  -5.2996422e-01
   7.0200000e+02  -5.6240797e-01  -5.2877592e-01  -4.7366698e-01
   7.0300000e+02  -4.8980767e-01  -5.2319125e-01  -4.8815107e-01
   7.0400000e+02  -4.4467121e-01  -5.1990832e-01  -3.8486800e-01
   7.0500000e+02  -5.4118691e-01  -6.3296666e-01  -5.8933285e-01
   7.0600000e+02  -5.1008169e-01  -5.1460420e-01  -4.8200797e-01
   7.0700000e+02  -4.8353313e-01  -5.4712816e-01  -4.9168320e-01
   7.0800000e+02  -4.6379508e-01  -5.6714159e-01  -4.8821740e-01
   7.0900000e+02  -4.8132725e-01  -5.2291565e-01  -4.4613763e-01
   7.1000000e+02  -4.9521862e-01  -5.5756424e-01  -5.1123485e-01
   7.1100000e+02  -5.1166169e-01  -4.8544266e-01  -4.8131062e-01
   7.1200000e+02  -5.4525706e-01  -5.3006526e-01  -5.2939147e-01
   7.1300000e+02  -5.2269750e-01  -5.2017485e-01  -5.9545874e-01
   7.1400000e+02  -4.5237168e-01  -4.9455399e-01  -5.1090163e-01
   7.1500000e+02  -4.1053336e-01  -4.0845726e-01  -4.9797769e-01
   7.1600000e+02  -5.4222961e-01  -5.8035432e-01  -5.3762663e-01
   7.1700000e+02  -4.7514296e-01  -6.0690468e-01  -6.1508157e-01
   7.1800000e+02  -5.0412687e-01  -4.6463855e-01  -5.0116928e-01
   7.1900000e+02  -5.1581697e-01  -4.8648534e-01  -5.3495166e-01
   7.2000000e+02  -5.2553967e-01  -5.2276578e-01  -5.5483816e-01
   7.2100000e+02  -5.4379044e-01  -5.7246837e-01  -5.9547470e-01
   7.2200000e+02  -5.4288910e-01  -6.1252598e-01  -6.5644283e-01
   7.2300000e+02  -6.1873619e-01  -5.8803837e-01  -5.6246031e-01
   7.2400000e+02  -5.2074498e-01  -5.9401775e-01  -5.4255489e-01
   7.2500000e+02  -5.5555292e-01  -6.1965162e-01  -5.9237100e-01
   7.2600000e+02  -5.4675344e-01  -5.5224465e-01  -5.1375296e-01
   7.2700000e+02  -5.2015084e-01  -5.7090726e-01  -6.1522004e-01
   7.2800000e+02  -4.7840883e-01  -5.5747801e-01  -5.0499934e-01
   7.2900000e+02  -5.5067818e-01  -6.6005159e-01  -5.7896733e-01
   7.3000000e+02  -5.0747069e-01  -5.4875635e-01  -5.7999651e-01
   7.3100000e+02  -6.1626573e-01  -5.0889699e-01  -6.0568981e-01
   7.3200000e+02  -5.7088533e-01  -6.1485178e-01  -6.0841520e-01
   7.3300000e+02  -6.0777015e-01  -5.5915859e-01  -5.5933039e-01
   7.3400000e+02  -5.8131593e-01  -6.0262110e-01  -5.7603091e-01
   7.3500000e+02  -5.8757358e-01  -5.9713351e-01  -4.8556303e-01
   7.3600000e+02  -5.6431732e-01  -5.7054291e-01  -5.8929510e-01
   7.3700000e+02  -6.2711244e-01  -6.2729129e-01  -5.8354246e-01
   7.3800000e+02  -5.7658790e-01  -6.2308047e-01  -6.1169621e-01
   7.3900000e+02  -5.9232202e-01  -5.4375697e-01  -5.6166505e-01
   7.4000000e+02  -6.3230293e-01  -5.8516688e-01  -5.1254752e-01
   7.4100000e+02  -5.7064179e-01  -5.6535485e-01  -5.7750138e-01
   7.4200000e+02  -5.4134772e-01  -5.9034239e-01  -6.1357666e-01
   7.4300000e+02  -6.3278480e-01  -6.0539098e-01  -5.3401457e-01
   7.4400000e+02  -5.1940159e-01  -6.5822931e-01  -5.5968635e-01
   7.4500000e+02  -5.6913660e-01  -5.7708842e-01  -6.3387992e-01
   7.4600000e+02  -6.1554840e-01  -6.1732890e-01  -5.9385691e-01
   7.4700000e+02  -5.9881422e-01  -5.9835141e-01  -6.2399542e-01
   7.4800000e+02  -6.4799600e-01  -5.6274954e-01  -5.8444846e-01
   7.4900000e+02  -5.8172394e-01  -5.5311089e-01  -5.9545852e-01
   7.5000000e+02  -5.9625988e-01  -5.7421544e-01  -6.2157064e-01
   7.5100000e+02  -6.1432676e-01  -6.0218336e-01  -5.7391681e-01
   7.5200000e+02  -6.2158355e-01  -5.8835078e-01  -5.9173814e-01
   7.5300000e+02  -5.6958180e-01  -6.2994231e-01  -5.9809617e-01
   7.5400000e+02  -5.9545466e-01  -6.4319607e-01  -5.9313711e-01
   7.5500000e+02  -5.8791403e-01  -5.4581784e-01  -6.6091222e-01
   7.5600000e+02  -6.3632572e-01  -6.0366315e-01  -5.3059712e-01
   7.5700000e+02  -5.5978809e-01  -5.9028640e-01  -6.0454267e-01
   7.5800000e+02  -5.8564311e-01  -6.7176610e-01  -5.2516009e-01
   7.5900000e+02  -6.2475804e-01  -6.2895483e-01  -6.6644147e-01
   7.6000000e+02  -6.0648766e-01  -7.4829470e-01  -6.2825843e-01
   7.6100000e+02  -6.0897300e-01  -6.6689269e-01  -5.7265067e-01
   7.6200000e+02  -6.2377422e-01  -6.8129322e-01  -6.2578008e-01
   7.6300000e+02  -5.8455951e-01  -6.9965574e-01  -6.2959133e-01
   7.6400000e+02  -6.0423807e-01  -6.0111806e-01  -5.6141915e-01
   7.6500000e+02  -6.3826193e-01  -6.1930108e-01  -6.5376067e-01
   7.6600000e+02  -6.6980130e-01  -7.3077555e-01  -6.2209210e-01
   7.6700000e+02  -6.4925590e-01  -7.1477581e-01  -5.8756373e-01
   7.6800000e+02  -6.8258308e-01  -7.0897312e-01  -6.5664813e-01
   7.6900000e+02  -6.2382400e-01  -6.3897205e-01  -6.3688762e-01
   7.7000000e+02  -6.3611702e-01  -6.1774214e-01  -6.2798793e-01
   7.7100000e+02  -6.5380692e-01  -5.6193327e-01  -5.3008357e-01
   7.7200000e+02  -5.9121422e-01  -7.0888226e-01  -6.7097913e-01
   7.7300000e+02  -6.7279886e-01  -6.4681634e-01  -6.6376105e-01
   7.7400000e+02  -6.0915295e-01  -5.4041925e-01  -6.8750539e-01
   7.7500000e+02  -6.1700449e-01  -6.3869954e-01  -6.6994656e-01
   7.7600000e+02  -6.9070298e-01  -6.6096146e-01  -6.2323587e-01
   7.7700000e+02  -6.8446081e-01  -6.7122169e-01  -6.1768481e-01
   7.7800000e+02  -6.9310410e-01  -7.3830055e-01  -6.0351618e-01
   7.7900000e+02  -5.7762813e-01  -6.7131053e-01  -6.8520354e-01
   7.8000000e+02  -5.9564204e-01  -6.8794937e-01  -6.8515320e-01
   7.8100000e+02  -7.3501392e-01  -6.7449732e-01  -6.4632798e-01
   7.8200000e+02  -6.5688195e-01  -6.7405470e-01  -6.4821724e-01
   7.8300000e+02  -7.0415252e-01  -6.6515314e-01  -6.7829220e-01
   7.8400000e+02  -6.4495744e-01  -7.3850234e-01  -6.4904413e-01
   7.8500000e+02  -7.5358695e-01  -6.2263153e-01  -6.3010506e-01
   7.8600000e+02  -6.7543797e-01  -6.7834546e-01  -6.8469054e-01
   7.8700000e+02  -7.3981138e-01  -6.1427025e-01  -7.6625012e-01
   7.8800000e+02  -7.3692752e-01  -7.2786705e-01  -6.5138779e-01
   7.8900000e+02  -6.8902291e-01  -6.8860657e-01  -6.7552585e-01
   7.9000000e+02  -6.9077634e-01  -7.1628098e-01  -7.2202691e-01
   7.9100000e+02  -6.9529384e-01  -6.5818664e-01  -6.0444703e-01
   7.9200000e+02  -6.9674531e-01  -7.4397857e-01  -6.5972877e-01
   7.9300000e+02  -7.5368118e-01  -6.2973716e-01  -6.7034998e-01
   7.9400000e+02  -7.5049575e-01  -7.7203098e-01  -6.5642390e-01
   7.9500000e+02  -6.2798363e-01  -6.6852304e-01  -7.3663175e-01
   7.9600000e+02  -6.9172904e-01  -6.9777791e-01  -6.9981747e-01
   7.9700000e+02  -7.4989846e-01  -6.9266721e-01  -6.7107425e-01
   7.9800000e+02  -7.0187654e-01  -6.6308269e-01  -7.1711643e-01
   7.9900000e+02  -6.7353573e-01  -7.7644553e-01  -7.1508264e-01
   8.0000000e+02  -7.6044016e-01  -7.1053257e-01  -7.0507315e-01
   8.0100000e+02  -7.4950319e-01  -7.1248428e-01  -7.0006037e-01
   8.0200000e+02  -7.3238079e-01  -7.6738121e-01  -6.8944739e-01
   8.0300000e+02  -7.3811463e-01  -7.1519632e-01  -7.1723831e-01
   8.0400000e+02  -7.3009225e-01  -6.6035569e-01  -7.3461717e-01
   8.0500000e+02  -7.2430641e-01  -8.1409929e-01  -6.9982760e-01
   8.0600000e+02  -7.4997440e-01  -7.3432633e-01  -7.1802481e-01
   8.0700000e+02  -6.8428725e-01  -7.7686343e-01  -7.2196558e-01
   8.0800000e+02  -7.0317453e-01  -7.0776770e-01  -7.6535458e-01
   8.0900000e+02  -7.5865277e-01  -7.3684610e-01  -7.4165594e-01
   8.1000000e+02  -7.3918322e-01  -6.8792813e-01  -7.2026937e-01
   8.1100000e+02  -7.5147032e-01  -7.2057035e-01  -6.9495088e-01
   8.1200000e+02  -7.0654643e-01  -7.3098505e-01  -7.9064562e-01
   8.1300000e+02  -6.4935591e-01  -6.8889079e-01  -7.3698858e-01
   8.1400000e+02  -7.2338582e-01  -7.2277620e-01  -7.6921542e-01
   8.1500000e+02  -7.1262976e-01  -7.1704766e-01  -7.7109938e-01
   8.1600000e+02  -6.9378602e-01  -7.5736887e-01  -7.2245910e-01
   8.1700000e+02  -7.4161356e-01  -7.0100044e-01  -7.9793361e-01
   8.1800000e+02  -7.4107139e-01  -6.9284653e-01  -7.5762932e-01
   8.1900000e+02  -7.6299787e-01  -7.5219553e-01  -7.0697858e-01
   8.2000000e+02  -7.0209965e-01  -7.6614278e-01  -6.8855420e-01
   8.2100000e+02  -7.3022537e-01  -7.2878385e-01  -6.7454063e-01
   8.2200000e+02  -7.5680358e-01  -7.5769994e-01  -7.4054769e-01
   8.2300000e+02  -7.1462419e-01  -7.7065090e-01  -7.3164585e-01
   8.2400000e+02  -8.0361211e-01  -7.8139558e-01  -7.9594223e-01
   8.2500000e+02  -7.4939408e-01  -7.6509913e-01  -7.8070711e-01
   8.2600000e+02  -7.5643352e-01  -7.0443234e-01  -7.2725835e-01
   8.2700000e+02  -7.2675012e-01  -6.9233322e-01  -7.4784102e-01
   8.2800000e+02  -8.0419171e-01  -7.5278476e-01  -7.9508304e-01
   8.2900000e+02  -7.3418198e-01  -6.8626853e-01  -7.4172701e-01
   8.3000000e+02  -8.0115543e-01  -7.3609532e-01  -6.6336571e-01
   8.3100000e+02  -7.7995964e-01  -8.2963450e-01  -7.7678295e-01
   8.3200000e+02  -7.5878645e-01  -8.0846647e-01  -7.8112175e-01
   8.3300000e+02  -7.9692404e-01  -7.2482063e-01  -8.1940566e-01
   8.3400000e+02  -7.7194758e-01  -7.7824963e-01  -7.4339956e-01
   8.3500000e+02  -7.2243466e-01  -7.6283023e-01  -7.6690354e-01
   8.3600000e+02  -6.8294469e-01  -8.4153821e-01  -7.2854676e-01
   8.3700000e+02  -7.5650258e-01  -7.2381820e-01  -7.5968586e-01
   8.3800000e+02  -7.1927234e-01  -7.6319245e-01  -7.4913214e-01
   8.3900000e+02  -7.8073435e-01  -8.1725174e-01  -7.5227809e-01
   8.4000000e+02  -7.3573733e-01  -7.7865294e-01  -7.8717766e-01
   8.4100000e+02  -8.3061913e-01  -8.1655562e-01  -7.3070419e-01
   8.4200000e+02  -7.2370069e-01  -7.4343575e-01  -7.9715141e-01
   8.4300000e+02  -7.4458799e-01  -7.6794926e-01  -7.4218089e-01
   8.4400000e+02  -7.6609711e-01  -7.2582006e-01  -7.2509954e-01
   8.4500000e+02  -8.1319446e-01  -7.4913978e-01  -7.5662233e-01
   8.4600000e+02  -7.7231036e-01  -7.8116213e-01  -8.1078511e-01
   8.4700000e+02  -8.0613328e-01  -8.0488850e-01  -8.1210780e-01
   8.4800000e+02  -8.2567687e-01  -7.9563466e-01  -8.2244801e-01
   8.4900000e+02  -8.5695772e-01  -7.6351014e-01  -8.2634723e-01
   8.5000000e+02  -7.8264360e-01  -7.7362298e-01  -7.8310602e-01
   8.5100000e+02  -8.1168614e-01  -8.6377143e-01  -7.9925939e-01
   8.5200000e+02  -7.7898388e-01  -7.0117240e-01  -7.5634923e-01
   8.5300000e+02  -7.6506293e-01  -7.6243063e-01  -8.3037364e-01
   8.5400000e+02  -8.0273850e-01  -7.9259071e-01  -8.1219272e-01
   8.5500000e+02  -7.7175851e-01  -7.7151794e-01  -8.6977638e-01
   8.5600000e+02  -7.7964432e-01  -8.6720739e-01  -8.0940440e-01
   8.5700000e+02  -7.8707579e-01  -7.4817317e-01  -8.0850482e-01
   8.5800000e+02  -7.8056781e-01  -7.3186825e-01  -7.6572047e-01
   8.5900000e+02  -7.7532334e-01  -8.3826989e-01  -7.7065608e-01
   8.6000000e+02  -8.1375921e-01  -8.4196832e-01  -7.8436948e-01
   8.6100000e+02  -7.9130946e-01  -7.9497356e-01  -8.2064239e-01
   8.6200000e+02  -7.8179401e-01  -7.3917408e-01  -8.4036521e-01
   8.6300000e+02  -8.2011942e-01  -7.3793378e-01  -8.2829132e-01
   8.6400000e+02  -8.8504967e-01  -8.1491782e-01  -7.6412999e-01
   8.6500000e+02  -8.1512199e-01  -8.4291758e-01  -8.3695747e-01
   8.6600000e+02  -7.8127412e-01  -8.8693726e-01  -8.1088960e-01
   8.6700000e+02  -8.0185056e-01  -8.0980925e-01  -8.2933142e-01
   8.6800000e+02  -7.8036747e-01  -8.3479299e-01  -7.8447942e-01
   8.6900000e+02  -8.8913712e-01  -8.5871982e-01  -8.2058053e-01
   8.7000000e+02  -7.8889549e-01  -8.1775808e-01  -8.2884596e-01
   8.7100000e+02  -8.1185659e-01  -8.1472411e-01  -7.5608219e-01
   8.7200000e+02  -8.7655833e-01  -8.0782233e-01  -7.7222243e-01
   8.7300000e+02  -7.9745127e-01  -8.1921248e-01  -8.3644694e-01
   8.7400000e+02  -8.2644263e-01  -7.6793662e-01  -7.9208543e-01
   8.7500000e+02  -8.5283175e-01  -7.8882805e-01  -7.9602505e-01
   8.7600000e+02  -7.6889314e-01  -8.2646305e-01  -8.7059491e-01
   8.7700000e+02  -7.8737463e-01  -7.9046348e-01  -8.3785046e-01
   8.7800000e+02  -8.2484172e-01  -8.2509300e-01  -8.4252730e-01
   8.7900000e+02  -8.0207300e-01  -8.2297381e-01  -7.7967746e-01
   8.8000000e+02  -7.8614412e-01  -8.1670811e-01  -8.5401994e-01
   8.8100000e+02  -8.2596296e-01  -8.2961422e-01  -8.4834197e-01
   8.8200000e+02  -8.7117435e-01  -8.0525545e-01  -7.8769859e-01
   8.8300000e+02  -8.4751372e-01  -8.1147143e-01  -8.4200865e-01
   8.8400000e+02  -8.4969823e-01  -7.9323891e-01  -8.4489819e-01
   8.8500000e+02  -8.2880373e-01  -8.5571471e-01  -8.3637856e-01
   8.8600000e+02  -8.7186923e-01  -8.0895669e-01  -8.7248358e-01
   8.8700000e+02  -8.4920409e-01  -8.6551411e-01  -8.3748118e-01
   8.8800000e+02  -8.2213663e-01  -8.4531002e-01  -8.6465590e-01
   8.8900000e+02  -8.7895814e-01  -8.7527065e-01  -8.8595922e-01
   8.9000000e+02  -8.7476654e-01  -8.7237822e-01  -7.9890662e-01
   8.9100000e+02  -8.5097792e-01  -8.4486852e-01  -8.4746055e-01
   8.9200000e+02  -8.7248868e-01  -8.5412228e-01  -8.5124467e-01
   8.9300000e+02  -8.3076915e-01  -8.2729336e-01  -8.9349437e-01
   8.9400000e+02  -9.0472050e-01  -8.8091910e-01  -8.3502735e-01
   8.9500000e+02  -8.6465107e-01  -8.4110846e-01  -8.4270989e-01
   8.9600000e+02  -8.1279514e-01  -8.1266669e-01  -8.6021071e-01
   8.9700000e+02  -8.2102350e-01  -8.7557813e-01  -8.4365257e-01
   8.9800000e+02  -8.5927578e-01  -8.4372787e-01  -8.5824712e-01
   8.9900000e+02  -8.7581794e-01  -8.6771742e-01  -8.6646199e-01
   9.0000000e+02  -8.3098119e-01  -8.2796136e-01  -8.2401299e-01
   9.0100000e+02  -8.2645263e-01  -8.5749992e-01  -8.5842685e-01
   9.0200000e+02  -8.9786826e-01  -8.6175264e-01  -8.7537487e-01
   9.0300000e+02  -8.7856721e-01  -8.8700416e-01  -8.9102934e-01
   9.0400000e+02  -9.1051199e-01  -8.7171917e-01  -8.7574210e-01
   9.0500000e+02  -8.7747178e-01  -8.6581716e-01  -8.3571867e-01
   9.0600000e+02  -8.4444440e-01  -9.0190530e-01  -8.6100066e-01
   9.0700000e+02  -8.7524088e-01  -8.7726916e-01  -8.3586345e-01
   9.0800000e+02  -9.0376386e-01  -8.9972257e-01  -8.7641947e-01
   9.0900000e+02  -8.5964179e-01  -8.4189972e-01  -8.7066747e-01
   9.1000000e+02  -8.7855254e-01  -8.7055829e-01  -8.8853845e-01
   9.1100000e+02  -8.9578294e-01  -9.3069914e-01  -8.4665578e-01
   9.1200000e+02  -9.0353716e-01  -9.1351476e-01  -9.4856023e-01
   9.1300000e+02  -9.1288464e-01  -8.9299741e-01  -8.9675506e-01
   9.1400000e+02  -8.8944825e-01  -8.9744721e-01  -9.1744690e-01
   9.1500000e+02  -8.6408138e-01  -8.4761745e-01  -8.8125687e-01
   9.1600000e+02  -9.2375437e-01  -8.8942230e-01  -9.0742864e-01
   9.1700000e+02  -8.3673517e-01  -8.9877293e-01  -9.1117805e-01
   9.1800000e+02  -8.4407104e-01  -9.1697633e-01  -9.5617082e-01
   9.1900000e+02  -9.3208970e-01  -9.2235881e-01  -8.9576080e-01
   9.2000000e+02  -9.5275459e-01  -8.9383629e-01  -8.7351799e-01
   9.2100000e+02  -8.4589996e-01  -9.0072552e-01  -8.8050281e-01
   9.2200000e+02  -9.1322142e-01  -9.4600953e-01  -8.7793219e-01
   9.2300000e+02  -8.9308967e-01  -9.3137895e-01  -8.6170379e-01
   9.2400000e+02  -8.3076447e-01  -9.5051538e-01  -9.2216880e-01
   9.2500000e+02  -8.8859112e-01  -9.1640129e-01  -8.3390847e-01
   9.2600000e+02  -8.6596423e-01  -9.3203259e-01  -8.6632053e-01
   9.2700000e+02  -8.7478435e-01  -8.9259535e-01  -8.7401534e-01
   9.2800000e+02  -9.3210599e-01  -9.2435679e-01  -9.0528613e-01
   9.2900000e+02  -9.7002292e-01  -9.2421394e-01  -9.5551353e-01
   9.3000000e+02  -8.7804826e-01  -9.2386074e-01  -8.9782938e-01
   9.3100000e+02  -9.4695670e-01  -9.1283333e-01  -8.9758754e-01
   9.3200000e+02  -9.0645751e-01  -9.0007021e-01  -9.1977246e-01
   9.3300000e+02  -8.9136952e-01  -9.2505718e-01  -8.8092534e-01
   9.3400000e+02  -9.0399070e-01  -8.9578430e-01  -9.4373109e-01
   9.3500000e+02  -8.7608654e-01  -8.8614503e-01  -8.7662394e-01
   9.3600000e+02  -8.8704508e-01  -8.7679823e-01  -9.1445885e-01
   9.3700000e+02  -9.5844964e-01  -9.2773343e-01  -9.0290437e-01
   9.3800000e+02  -8.8803803e-01  -8.9685316e-01  -9.3119312e-01
   9.3900000e+02  -9.3273782e-01  -9.2816294e-01  -9.4701602e-01
   9.4000000e+02  -8.6660252e-01  -8.6974583e-01  -8.9481668e-01
   9.4100000e+02  -8.8173968e-01  -9.3845374e-01  -9.2255570e-01
   9.4200000e+02  -9.2911764e-01  -9.2194363e-01  -8.9141623e-01
   9.4300000e+02  -8.8208953e-01  -9.3859579e-01  -9.5486436e-01
   9.4400000e+02  -9.3915013e-01  -9.1364042e-01  -9.3278763e-01
   9.4500000e+02  -9.1970005e-01  -9.2359660e-01  -9.6857971e-01
   9.4600000e+02  -9.1885453e-01  -9.0747137e-01  -9.8385859e-01
   9.4700000e+02  -9.0222234e-01  -9.1425975e-01  -9.0795868e-01
   9.4800000e+02  -9.4134393e-01  -9.3266717e-01  -8.8850037e-01
   9.4900000e+02  -9.6404314e-01  -9.5351452e-01  -9.5024925e-01
   9.5000000e+02  -9.5356790e-01  -9.7931292e-01  -9.3099253e-01
   9.5100000e+02  -1.0049482e+00  -9.2328141e-01  -9.5182257e-01
   9.5200000e+02  -9.5953614e-01  -9.2269704e-01  -9.1376771e-01
   9.5300000e+02  -8.8721842e-01  -9.2755530e-01  -9.7507641e-01
   9.5400000e+02  -9.6123320e-01  -9.5060525e-01  -9.3181169e-01
   9.5500000e+02  -8.9400885e-01  -9.4050057e-01  -9.7264637e-01
   9.5600000e+02  -9.2753507e-01  -8.9999502e-01  -9.1883514e-01
   9.5700000e+02  -8.9902639e-01  -9.2649304e-01  -9.5535523e-01
   9.5800000e+02  -9.3841733e-01  -9.4005502e-01  -9.3571434e-01
   9.5900000e+02  -9.1532267e-01  -9.6336537e-01  -9.6213623e-01
   9.6000000e+02  -9.2625722e-01  -9.4928804e-01  -9.4449096e-01
   9.6100000e+02  -9.0194065e-01  -9.8441950e-01  -9.3720646e-01
   9.6200000e+02  -9.0543264e-01  -9.6032361e-01  -9.4057148e-01
   9.6300000e+02  -9.6072163e-01  -9.4506881e-01  -9.5138661e-01
   9.6400000e+02  -9.5730670e-01  -9.6342526e-01  -9.8304532e-01
   9.6500000e+02  -8.9482986e-01  -9.1532600e-01  -9.7154463e-01
   9.6600000e+02  -9.3626907e-01  -9.6774268e-01  -9.4059283e-01
   9.6700000e+02  -9.4365595e-01  -9.5734009e-01  -1.0195483e+00
   9.6800000e+02  -9.6047922e-01  -9.3540483e-01  -9.9976661e-01
   9.6900000e+02  -9.9219547e-01  -9.9314221e-01  -1.0170623e+00
   9.7000000e+02  -9.6415051e-01  -9.9357072e-01  -9.3497066e-01
   9.7100000e+02  -9.8733721e-01  -1.0263124e+00  -9.5389471e-01
   9.7200000e+02  -9.9962423e-01  -9.4789268e-01  -9.2923747e-01
   9.7300000e+02  -9.7220213e-01  -9.5942965e-01  -9.4632748e-01
   9.7400000e+02  -9.9177753e-01  -9.5269336e-01  -9.2990301e-01
   9.7500000e+02  -9.8278245e-01  -9.8949828e-01  -1.0063782e+00
   9.7600000e+02  -9.9049673e-01  -9.5502855e-01  -9.3082671e-01
   9.7700000e+02  -9.5239557e-01  -9.8367393e-01  -9.4912063e-01
   9.7800000e+02  -9.7153315e-01  -9.8631696e-01  -9.7820317e-01
   9.7900000e+02  -9.5814863e-01  -9.3246752e-01  -9.7582173e-01
   9.8000000e+02  -9.8302496e-01  -9.9621586e-01  -9.4469086e-01
   9.8100000e+02  -9.7440184e-01  -9.5139969e-01  -9.6101695e-01
   9.8200000e+02  -9.3428905e-01  -9.3019926e-01  -9.7162723e-01
   9.8300000e+02  -1.0379062e+00  -9.7462146e-01  -9.4001742e-01
   9.8400000e+02  -1.0046498e+00  -1.0264635e+00  -9.6582737e-01
   9.8500000e+02  -9.5918883e-01  -1.0098066e+00  -9.6523333e-01
   9.8600000e+02  -1.0035642e+00  -1.0170607e+00  -9.9774715e-01
   9.8700000e+02  -1.0202296e+00  -9.6103608e-01  -9.7162489e-01
   9.8800000e+02  -1.0016147e+00  -9.8800080e-01  -9.9016743e-01
   9.8900000e+02  -9.6023269e-01  -9.8862684e-01  -1.0091441e+00
   9.9000000e+02  -9.9753033e-01  -9.6961251e-01  -9.9620324e-01
   9.9100000e+02  -1.0385806e+00  -9.7446758e-01  -9.4531195e-01
   9.9200000e+02  -1.0074501e+00  -9.3814102e-01  -9.6960468e-01
   9.9300000e+02  -9.7311949e-01  -9.4195031e-01  -1.0124900e+00
   9.9400000e+02  -9.2548572e-01  -9.5397977e-01  -1.0253311e+00
   9.9500000e+02  -1.0218822e+00  -9.9316428e-01  -9.7350601e-01
   9.9600000e+02  -1.0340643e+00  -9.9274646e-01  -9.2785051e-01
   9.9700000e+02  -9.8139368e-01  -9.6610461e-01  -9.6499667e-01
   9.9800000e+02  -1.0131833e+00  -9.8906262e-01  -9.6719685e-01
   9.9900000e+02  -9.8522437e-01  -9.8171232e-01  -1.0160424e+00
   1.0000000e+03  -9.7396602e-01  -9.5433412e-01  -9.8603899e-01
