   0.0000000e+00   0.0000000e+00
   0.0000000e+00   0.0000000e+00
   0.0000000e+00   0.0000000e+00
   0.0000000e+00   0.0000000e+00
   0.0000000e+00   0.0000000e+00
   0.0000000e+00   0.0000000e+00
   0.0000000e+00   0.0000000e+00
   0.0000000e+00   0.0000000e+00
   0.0000000e+00   0.0000000e+00
   0.0000000e+00   0.0000000e+00
   0.0000000e+00   0.0000000e+00
   0.0000000e+00   0.0000000e+00
   0.0000000e+00   0.0000000e+00
   0.0000000e+00   0.0000000e+00
   0.0000000e+00   0.0000000e+00
   0.0000000e+00   0.0000000e+00
   0.0000000e+00   0.0000000e+00
   0.0000000e+00   0.0000000e+00
   0.0000000e+00   0.0000000e+00
   0.0000000e+00   0.0000000e+00
   0.0000000e+00   0.0000000e+00
   0.0000000e+00   0.0000000e+00
   0.0000000e+00   0.0000000e+00
   0.0000000e+00   0.0000000e+00
   0.0000000e+00   0.0000000e+00
   0.0000000e+00   0.0000000e+00
   0.0000000e+00   0.0000000e+00
   0.0000000e+00   0.0000000e+00
   0.0000000e+00   0.0000000e+00
   0.0000000e+00   0.0000000e+00
   0.0000000e+00   0.0000000e+00
   0.0000000e+00   0.0000000e+00
   0.0000000e+00   0.0000000e+00
   0.0000000e+00   0.0000000e+00
   0.0000000e+00   0.0000000e+00
   0.0000000e+00   0.0000000e+00
   0.0000000e+00   0.0000000e+00
   0.0000000e+00   0.0000000e+00
   0.0000000e+00   0.0000000e+00
   0.0000000e+00   0.0000000e+00
   0.0000000e+00   0.0000000e+00
   0.0000000e+00   0.0000000e+00
   0.0000000e+00   0.0000000e+00
   0.0000000e+00   0.0000000e+00
   0.0000000e+00   0.0000000e+00
   0.0000000e+00   0.0000000e+00
   0.0000000e+00   0.0000000e+00
   0.0000000e+00   0.0000000e+00
   0.0000000e+00   0.0000000e+00
   0.0000000e+00   0.0000000e+00
   0.0000000e+00   0.0000000e+00
   0.0000000e+00   0.0000000e+00
   0.0000000e+00   0.0000000e+00
   0.0000000e+00   0.0000000e+00
   0.0000000e+00   0.0000000e+00
   0.0000000e+00   0.0000000e+00
   0.0000000e+00   0.0000000e+00
   0.0000000e+00   0.0000000e+00
   0.0000000e+00   0.0000000e+00
   0.0000000e+00   0.0000000e+00
   0.0000000e+00   0.0000000e+00
   0.0000000e+00   0.0000000e+00
   0.0000000e+00   0.0000000e+00
   0.0000000e+00   0.0000000e+00
   0.0000000e+00   0.0000000e+00
   0.0000000e+00   0.0000000e+00
   0.0000000e+00   0.0000000e+00
   0.0000000e+00   0.0000000e+00
   0.0000000e+00   0.0000000e+00
   0.0000000e+00   0.0000000e+00
   0.0000000e+00   0.0000000e+00
   0.0000000e+00   0.0000000e+00
   0.0000000e+00   0.0000000e+00
   0.0000000e+00   0.0000000e+00
   0.0000000e+00   0.0000000e+00
   0.0000000e+00   0.0000000e+00
   0.0000000e+00   0.0000000e+00
   0.0000000e+00   0.0000000e+00
   0.0000000e+00   0.0000000e+00
   0.0000000e+00   0.0000000e+00
   0.0000000e+00   0.0000000e+00
   0.0000000e+00   0.0000000e+00
   0.0000000e+00   0.0000000e+00
   0.0000000e+00   0.0000000e+00
   0.0000000e+00   0.0000000e+00
   0.0000000e+00   0.0000000e+00
   0.0000000e+00   0.0000000e+00
   0.0000000e+00   0.0000000e+00
   0.0000000e+00   0.0000000e+00
   0.0000000e+00   0.0000000e+00
   0.0000000e+00   0.0000000e+00
   0.0000000e+00   0.0000000e+00
   0.0000000e+00   0.0000000e+00
   0.0000000e+00   0.0000000e+00
   0.0000000e+00   0.0000000e+00
   0.0000000e+00   0.0000000e+00
   0.0000000e+00   0.0000000e+00
   0.0000000e+00   0.0000000e+00
   0.0000000e+00   0.0000000e+00
   0.0000000e+00   0.0000000e+00
   3.8576983e-02   4.8620609e-02
   4.9525298e-02   4.6627109e-02
   5.4018650e-02   5.0356864e-02
   5.7044159e-02   6.5692692e-02
   5.1996569e-02   6.4324560e-02
   3.3996431e-02   5.5862763e-02
   3.2101059e-02   5.2239380e-02
   3.4657597e-02   6.0567063e-02
   2.2575714e-02   5.2159144e-02
   2.6883196e-02   5.9472795e-02
   3.3501142e-02   5.9726139e-02
   2.5172964e-02   5.6411097e-02
   2.2812236e-02   6.3791400e-02
   2.1768574e-02   4.9229203e-02
   2.9794913e-02   4.4513600e-02
   2.0391416e-02   5.0562745e-02
   1.6565409e-02   5.7020899e-02
   1.4215533e-02   5.6248445e-02
   6.8652115e-05   5.5166820e-02
   6.1864430e-03   5.2695006e-02
  -2.2963036e-03   5.4535681e-02
  -8.3182055e-03   4.4322833e-02
  -1.7325557e-02   4.7052428e-02
  -2.1601704e-02   4.8972389e-02
  -2.6229526e-02   5.3631337e-02
  -1.7736388e-02   4.8055351e-02
  -1.5333303e-02   4.5658040e-02
  -5.3054899e-03   3.9570804e-02
   7.9392707e-03   2.9235947e-02
  -4.9068828e-03   4.3365057e-02
  -2.9415238e-03   4.4249365e-02
   7.8432259e-04   3.6268125e-02
   7.7094809e-05   3.6217549e-02
  -2.1541920e-03   3.2309124e-02
  -8.9050857e-03   3.4043630e-02
  -2.7443223e-03   3.3391110e-02
  -1.6204571e-02   4.4201947e-02
  -6.0460352e-03   5.4449045e-02
  -6.0321089e-03   6.4730552e-02
  -1.1690960e-02   8.8129973e-02
  -1.8979369e-02   8.0426485e-02
  -2.2064335e-02   8.1365930e-02
  -2.3605552e-02   7.9707913e-02
  -2.2285018e-02   6.4621914e-02
  -3.8756564e-02   5.2103618e-02
  -3.9439338e-02   3.9637087e-02
  -3.7939345e-02   3.4158801e-02
  -3.2442120e-02   3.9877600e-02
  -3.2055339e-02   4.6978056e-02
  -2.5390839e-02   5.0646833e-02
  -2.3638191e-02   5.2499576e-02
  -3.2088248e-02   5.3795817e-02
  -2.9479150e-02   6.6617651e-02
  -5.1935283e-02   5.2701533e-02
  -6.2704745e-02   4.3461073e-02
  -6.5774567e-02   4.0768682e-02
  -6.5419303e-02   4.1403532e-02
  -6.7125488e-02   4.5480915e-02
  -6.6850563e-02   4.1773908e-02
  -6.9782764e-02   4.1287299e-02
  -7.6974570e-02   4.0256381e-02
  -7.7830575e-02   4.3865435e-02
  -8.4189322e-02   3.9752320e-02
  -1.0507131e-01   5.5850741e-02
  -9.5993999e-02   4.8461819e-02
  -1.0480589e-01   3.1028128e-02
  -1.0115260e-01   4.6838387e-02
  -8.9670210e-02   3.8405375e-02
  -9.6327034e-02   3.7756269e-02
  -9.9071365e-02   3.7932648e-02
  -1.0017472e-01   3.5033513e-02
  -9.4762431e-02   4.1436696e-02
  -9.1872338e-02   3.9346353e-02
  -9.6245727e-02   3.8173657e-02
  -9.2163434e-02   5.4292466e-02
  -8.5577767e-02   7.0168274e-02
  -8.4783678e-02   6.7307132e-02
  -8.6837965e-02   6.8876002e-02
  -8.6031793e-02   6.7894971e-02
  -8.8209070e-02   6.2210461e-02
  -9.6437620e-02   5.9596418e-02
  -1.0271720e-01   5.3699335e-02
  -9.8868835e-02   5.2429791e-02
  -8.9777851e-02   4.7450498e-02
  -8.8662137e-02   4.8785965e-02
  -8.9602343e-02   4.1827637e-02
  -8.4864553e-02   4.0630658e-02
  -8.4026854e-02   4.3223023e-02
  -7.9247904e-02   4.6527307e-02
  -8.3742362e-02   5.5868488e-02
  -9.4304752e-02   5.0039374e-02
  -1.2035517e-01   2.5984200e-02
  -9.8276273e-02   2.4092894e-02
  -8.5280905e-02   2.4164414e-02
  -8.0485267e-02   2.4480081e-02
  -8.1110575e-02   1.5924798e-02
  -6.6410484e-02   4.2024066e-02
  -5.6549936e-02   1.7023811e-02
  -6.4565287e-02   2.0702857e-02
  -5.9751167e-02   3.5619137e-02
  -7.8390708e-02   3.7816044e-02
  -8.3110648e-02   6.7047093e-02
  -8.4029480e-02   5.3381609e-02
  -9.1651224e-02   5.1019932e-02
  -9.6939695e-02   4.8437564e-02
  -9.4185152e-02   4.5453915e-02
  -9.7685865e-02   4.2918767e-02
  -1.0096050e-01   4.3837596e-02
  -9.5865410e-02   4.6024559e-02
  -9.7786427e-02   5.3779337e-02
  -1.1072029e-01   4.9738652e-02
  -1.0923346e-01   4.0092375e-02
  -1.1414751e-01   3.5016639e-02
  -1.0894901e-01   3.9897477e-02
  -1.1110245e-01   3.5988205e-02
  -1.0582475e-01   3.0958035e-02
  -1.1132762e-01   1.3084185e-02
  -1.0156488e-01   2.6893786e-02
  -1.1105470e-01   4.1044622e-02
  -1.1325116e-01   4.4143993e-02
  -1.0036846e-01   5.4682966e-02
  -9.5144365e-02   4.1687655e-02
  -9.5040501e-02   3.7966805e-02
  -9.6609982e-02   3.9512238e-02
  -9.0160286e-02   3.6002164e-02
  -9.0688388e-02   3.3221304e-02
  -9.7078916e-02   2.8521077e-02
  -8.4663515e-02   4.7479882e-02
  -7.8737827e-02   7.5628884e-02
  -6.2946247e-02   8.5815171e-02
  -6.7490360e-02   7.1334081e-02
  -6.9154677e-02   8.3706446e-02
  -6.3523836e-02   8.1602456e-02
  -4.0566922e-02   8.6097226e-02
  -4.2611892e-02   9.8231224e-02
  -4.3886291e-02   9.4065474e-02
  -2.6910143e-02   9.9234226e-02
  -3.1317367e-02   1.0063170e-01
  -3.0322075e-02   1.0121958e-01
  -3.1351805e-02   1.0142582e-01
  -3.1808484e-02   9.9761663e-02
  -2.5963763e-02   1.0058523e-01
  -1.4296090e-02   1.0653776e-01
  -2.1973779e-02   1.0888768e-01
  -9.3391274e-03   1.0143261e-01
  -8.0013450e-03   1.1162595e-01
  -8.1862269e-03   1.0871563e-01
  -4.9409405e-03   1.2628070e-01
   1.6548176e-02   1.1197634e-01
   2.2370346e-02   9.4397082e-02
   2.5791864e-02   8.5812454e-02
   2.3970732e-02   9.2414940e-02
   3.2493746e-02   7.3831675e-02
   2.0093224e-02   7.7537533e-02
   9.9449776e-03   7.5155702e-02
   6.1216116e-03   6.7661882e-02
   1.2408693e-02   6.7055355e-02
   1.4259747e-02   6.9333648e-02
   1.3557234e-02   6.4943160e-02
   1.4652118e-02   6.6070392e-02
   1.6993236e-02   6.1173984e-02
   2.0221988e-02   7.1827286e-02
   1.2637522e-02   7.9699229e-02
   1.1201521e-02   8.1534743e-02
   1.1712594e-02   8.9537382e-02
   1.2549419e-02   8.7386309e-02
   4.3484609e-03   7.0245837e-02
  -3.4260747e-03   9.1747817e-02
  -2.1625911e-05   8.8967057e-02
   6.4996575e-03   9.5869869e-02
   3.9619509e-03   9.5923691e-02
   4.3976775e-03   7.9712829e-02
  -2.6273574e-04   8.6749544e-02
   1.1746041e-02   9.1621486e-02
   1.1906760e-02   8.1592654e-02
   1.2637738e-02   7.9026653e-02
   1.7444698e-02   7.3691137e-02
   1.0610206e-02   7.3842903e-02
   1.9125490e-02   6.7956125e-02
   1.5866313e-02   5.8035432e-02
   2.3803151e-02   6.0324703e-02
   1.3606669e-02   4.6642265e-02
   1.1629200e-02   4.0990589e-02
   5.7664226e-03   3.6252192e-02
   8.0415270e-03   4.5455467e-02
   6.2613786e-03   4.0242599e-02
   1.5453605e-02   4.0443327e-02
   1.8691099e-02   4.9115948e-02
   1.1698892e-02   4.5055778e-02
   1.5333161e-02   5.2557003e-02
   2.4158602e-02   5.6619646e-02
   3.4258864e-02   4.7720801e-02
   4.5876085e-02   5.3773998e-02
   3.6506389e-02   3.9459091e-02
   3.4850310e-02   4.8045751e-02
   4.4257719e-02   6.1940889e-02
   3.9944429e-02   7.1723544e-02
   2.8877962e-02   5.7538426e-02
   4.1263997e-02   6.6640917e-02
   4.4689203e-02   7.5082845e-02
   6.4162971e-02   6.8154567e-02
   6.0520623e-02   9.2584533e-02
   6.3613102e-02   7.3736295e-02
   7.4577134e-02   6.8948620e-02
   8.2931264e-02   6.4410327e-02
   9.1369055e-02   6.1961896e-02
   9.7557527e-02   6.1183283e-02
   9.7684602e-02   6.3120206e-02
   9.7683960e-02   6.6354818e-02
   9.5305767e-02   8.9357317e-02
   1.0489243e-01   9.1801717e-02
   1.0986985e-01   8.7274246e-02
   1.0374625e-01   7.2520162e-02
   1.0400918e-01   7.9549353e-02
   1.0485322e-01   7.9096843e-02
   1.0382402e-01   8.0763039e-02
   1.0732871e-01   6.6528135e-02
   1.0486560e-01   5.1588526e-02
   1.1809905e-01   4.1663835e-02
   1.2218694e-01   3.6884480e-02
   1.1856751e-01   3.6774485e-02
   1.2021423e-01   3.9791100e-02
   1.4650500e-01   2.7640328e-02
   1.4051459e-01   3.6952714e-02
   1.3740564e-01   4.0533476e-02
   1.3193729e-01   4.4221315e-02
   1.3754055e-01   5.0390697e-02
   1.2644948e-01   4.3099899e-02
   1.1272147e-01   4.4840824e-02
   1.0848823e-01   4.8122842e-02
   1.1111886e-01   5.2215633e-02
   1.0983875e-01   4.9667361e-02
   1.0809289e-01   4.4816723e-02
   9.7437321e-02   3.6395559e-02
   1.0559259e-01   2.3978385e-02
   1.1114487e-01   3.3795687e-02
   1.0591861e-01   3.5516637e-02
   9.6284405e-02   3.2140682e-02
   8.7991999e-02   3.5573586e-02
   9.4316071e-02   4.5095181e-02
   1.0205980e-01   5.0705317e-02
   9.6834071e-02   5.0723210e-02
   8.9033602e-02   5.8740800e-02
   9.7123141e-02   4.9881570e-02
   9.7235515e-02   5.4386774e-02
   8.7511363e-02   5.2418053e-02
   9.3593932e-02   6.2101270e-02
   8.8421475e-02   6.1383823e-02
   7.4951651e-02   5.4491876e-02
   6.4030110e-02   6.3259746e-02
   5.6424968e-02   6.9103096e-02
   5.0837985e-02   5.2657872e-02
   4.7323949e-02   4.6536054e-02
   4.3347013e-02   4.0193389e-02
   6.4536495e-02   5.0782180e-02
   4.4977672e-02   3.4239182e-02
   4.0352036e-02   2.9387249e-02
   4.1527172e-02   2.8272974e-02
   4.2389522e-02   3.4863714e-02
   3.4790267e-02   4.6685736e-02
   3.5032499e-02   4.5777011e-02
   3.5236342e-02   3.9593066e-02
   4.6920221e-02   2.5188144e-02
   6.1228088e-02   3.0517802e-02
   7.8907571e-02   4.6474564e-02
   1.0771177e-01   4.4829009e-02
   1.0617694e-01   3.7085406e-02
   1.0839263e-01   4.9379616e-02
   1.0873820e-01   4.3632316e-02
   1.0102556e-01   5.3322821e-02
   9.9979801e-02   5.1642312e-02
   1.0115097e-01   3.9566320e-02
   1.0707888e-01   3.4027193e-02
   1.0545780e-01   3.0652683e-02
   1.0677497e-01   2.6422496e-02
   1.0591655e-01   3.3355012e-02
   1.2213597e-01   4.5223327e-02
   1.3747383e-01   5.6522644e-02
   1.3208015e-01   4.7450264e-02
   1.3196040e-01   5.4134954e-02
   1.2509776e-01   5.2890466e-02
   1.3717118e-01   4.8437194e-02
   1.3528719e-01   5.2367537e-02
   1.2960074e-01   5.5656846e-02
   1.3879899e-01   4.4652954e-02
   1.3391187e-01   6.6665135e-02
   1.3278024e-01   6.0107095e-02
   1.3559787e-01   6.1836958e-02
   1.3823861e-01   6.6308079e-02
   1.3300220e-01   6.9492936e-02
   1.3179173e-01   7.4297890e-02
   1.3761396e-01   7.0628960e-02
   1.2361832e-01   3.4064413e-02
   1.1594789e-01   3.2109033e-02
   1.1404791e-01   4.3638265e-02
   1.1688327e-01   6.5133790e-02
   1.2945150e-01   6.2857464e-02
   1.2944961e-01   6.0713988e-02
   1.2465484e-01   5.3409641e-02
   1.2336110e-01   5.4749522e-02
   1.1184465e-01   6.2334297e-02
   1.2048289e-01   5.8071735e-02
   1.2543780e-01   5.6862431e-02
   1.3076515e-01   3.3446135e-02
   1.3923199e-01   4.6433263e-02
   1.3336134e-01   4.0905667e-02
   1.3347798e-01   4.6536365e-02
   1.4398162e-01   3.5548908e-02
   1.4618534e-01   3.0578834e-02
   1.6007720e-01   4.4963991e-02
   1.6287786e-01   6.1297853e-02
   1.6353560e-01   7.9169355e-02
   1.5492879e-01   8.7903624e-02
   1.5985301e-01   8.4243428e-02
   1.5580621e-01   9.0610155e-02
   1.5353723e-01   9.1215237e-02
   1.5381267e-01   9.0305260e-02
   1.5508112e-01   9.1829052e-02
   1.3772061e-01   5.5916563e-02
   1.3938944e-01   7.0518479e-02
   1.5735665e-01   7.7025613e-02
   1.5967121e-01   7.1308888e-02
   1.4204414e-01   8.0574054e-02
   1.5455065e-01   5.1129374e-02
   1.5768278e-01   5.3369928e-02
   1.6078370e-01   5.9714316e-02
   1.6383491e-01   6.9676678e-02
   1.6948935e-01   7.0426211e-02
   1.7138987e-01   6.2416016e-02
   1.7074361e-01   5.5025884e-02
   1.7307329e-01   4.7499718e-02
   1.7000200e-01   2.6877550e-02
   1.6634616e-01   2.8450265e-02
   1.6788918e-01   2.4842817e-02
   1.6917615e-01   2.9857254e-02
   1.6067427e-01   3.5125855e-02
   1.5838846e-01   4.3151552e-02
   1.4936167e-01   4.5831006e-02
   1.5972251e-01   5.3419364e-02
   1.5665528e-01   5.5496715e-02
   1.5873023e-01   5.4366486e-02
   1.4533040e-01   3.4246750e-02
   1.5821529e-01   5.0041100e-02
   1.5793074e-01   5.0627505e-02
   1.5310226e-01   5.5187654e-02
   1.6099945e-01   5.5483304e-02
   1.5807573e-01   6.5788719e-02
   1.6875745e-01   6.0466846e-02
   1.6351952e-01   5.7926162e-02
   1.6001468e-01   6.0555257e-02
   1.6318872e-01   5.6143756e-02
   1.6655767e-01   4.9777740e-02
   1.7071215e-01   5.7755950e-02
   1.7701392e-01   6.3338932e-02
   1.8449150e-01   7.7851148e-02
   2.2685156e-01   6.5974243e-02
   2.4053075e-01   7.8452078e-02
   2.4354459e-01   8.7348410e-02
   2.5073806e-01   8.9800768e-02
   2.4939773e-01   7.9918789e-02
   2.5257089e-01   8.0112629e-02
   2.4953909e-01   8.9910396e-02
   2.5260783e-01   7.8964606e-02
   2.4539765e-01   8.8686639e-02
   2.3690844e-01   9.4578054e-02
   2.3164340e-01   9.1479015e-02
   2.3163037e-01   9.1674705e-02
   2.3514065e-01   1.1195010e-01
   2.3800766e-01   8.9396456e-02
   2.3800372e-01   8.6333489e-02
   2.3785305e-01   8.2582309e-02
   2.3696624e-01   7.9310919e-02
   2.3480950e-01   8.0544037e-02
   2.3942940e-01   7.5305065e-02
   2.3986027e-01   7.1130306e-02
   2.3841847e-01   5.9964157e-02
   2.4105275e-01   7.1913233e-02
   2.3807447e-01   7.4698320e-02
   2.4512007e-01   7.5204421e-02
   2.5019061e-01   7.1020841e-02
   2.4531231e-01   7.2391829e-02
   2.5142024e-01   6.9967071e-02
   2.5920219e-01   6.7747418e-02
   2.7058060e-01   7.5008231e-02
   2.6478639e-01   6.9320401e-02
   2.8264671e-01   7.5583876e-02
   2.8979341e-01   7.1556835e-02
   2.8982737e-01   7.3717229e-02
   2.8358475e-01   7.4009466e-02
   2.8983161e-01   7.0479216e-02
   2.8383163e-01   6.6801824e-02
   2.7497641e-01   5.9569611e-02
   2.7788417e-01   5.3700240e-02
   2.8547541e-01   5.3411825e-02
   2.9040104e-01   4.8250955e-02
   2.9231283e-01   4.3857008e-02
   2.7412152e-01   3.9391656e-02
   2.7585413e-01   4.5123984e-02
   2.7031730e-01   5.1556976e-02
   2.6528133e-01   5.0398724e-02
   2.9272794e-01   4.7273286e-02
   2.8722811e-01   2.3155968e-02
   2.8099936e-01   1.3818851e-02
   2.7905480e-01   2.3008423e-02
   2.7676420e-01   2.4055941e-02
   2.7984661e-01   2.6052348e-02
   2.8254004e-01   1.6759686e-02
   2.7910392e-01   1.4514424e-02
   2.8111676e-01   2.3199847e-02
   2.7418857e-01   3.8930496e-02
   2.6190497e-01   2.6702798e-02
   2.7393518e-01   3.2080211e-02
   2.8098974e-01   3.5112646e-02
   2.8054207e-01   3.5985505e-02
   2.7741008e-01   3.6137468e-02
   2.7398759e-01   3.9142352e-02
   2.7248240e-01   4.0455985e-02
   2.6455133e-01   5.1438193e-02
   2.8842604e-01   3.4081424e-02
   2.8767388e-01   3.6823629e-02
   2.8471691e-01   3.5309481e-02
   2.7531795e-01   3.0265844e-02
   2.8506808e-01   4.7708379e-02
   2.7883132e-01   4.6925815e-02
   2.7789112e-01   4.3908186e-02
   2.7352323e-01   5.2957035e-02
   2.7156943e-01   5.3263858e-02
   2.6893758e-01   5.6029320e-02
   2.7003253e-01   4.9468582e-02
   2.8248731e-01   4.1111339e-02
   2.9327287e-01   3.4402571e-02
   3.0090694e-01   4.7308079e-02
   2.9798147e-01   2.8997507e-02
   2.9689303e-01   3.4419064e-02
   2.9417030e-01   4.0234165e-02
   3.0367426e-01   5.4218829e-02
   3.1052848e-01   6.5853677e-02
   3.2101652e-01   6.7681948e-02
   3.2449688e-01   6.5257207e-02
   3.2435841e-01   6.5442202e-02
   2.9607493e-01   4.6570697e-02
   3.1339141e-01   4.6759330e-02
   3.0883385e-01   5.1274909e-02
   3.1313181e-01   5.1897095e-02
   3.1169069e-01   5.8118549e-02
   2.9697336e-01   4.4259903e-02
   3.0812155e-01   5.3722954e-02
   3.1159091e-01   5.9929475e-02
   3.2599936e-01   6.5190562e-02
   3.3292051e-01   6.8051203e-02
   3.2885220e-01   6.7916783e-02
   3.3184885e-01   5.9799335e-02
   3.3548540e-01   5.8724430e-02
   3.3546041e-01   6.0695624e-02
   3.2473902e-01   6.9478310e-02
   2.9714357e-01   5.8379167e-02
   3.0436477e-01   5.0796335e-02
   3.0765479e-01   5.3819756e-02
   3.0862683e-01   6.4117731e-02
   3.1566934e-01   5.3636458e-02
   3.1688158e-01   3.9760588e-02
   3.2146025e-01   3.6075645e-02
   3.2334359e-01   3.0833699e-02
   3.3399443e-01   2.4725415e-02
   3.3453828e-01   1.5494589e-02
   3.2058864e-01   9.5962291e-03
   3.2002394e-01   2.2452298e-03
   3.2181811e-01   1.1531871e-02
   3.3386885e-01   1.4829844e-02
   3.3739992e-01   2.4744445e-02
   3.4304914e-01   2.7913418e-02
   3.3872234e-01   2.1179101e-02
   3.4254934e-01   2.3114082e-02
   3.4126363e-01   1.8339181e-02
   3.4172969e-01   2.1335673e-02
   3.3700147e-01   2.3260742e-02
   3.3582347e-01   2.3658639e-02
   3.5409151e-01   1.4836186e-02
   3.4196082e-01   1.6812454e-02
   3.3449843e-01   1.7635629e-02
   3.3456882e-01   2.2873821e-02
   3.3409095e-01   2.9672499e-02
   3.3097443e-01   3.8395542e-02
   3.4059394e-01   4.0873904e-02
   3.3858103e-01   4.8656748e-02
   3.4303200e-01   4.3637128e-02
   3.4008838e-01   3.1954850e-02
   3.4482492e-01   2.9224394e-02
   3.4410193e-01   4.2706495e-02
   3.3149168e-01   6.4809226e-02
   3.5206867e-01   6.8758990e-02
   3.6150836e-01   6.8856858e-02
   3.6904862e-01   7.9834824e-02
   3.7353356e-01   7.7587154e-02
   3.8105720e-01   8.0966756e-02
   3.8281079e-01   7.6007667e-02
   3.9268968e-01   7.0540805e-02
   4.1673318e-01   5.0487010e-02
   4.2985707e-01   4.1781700e-02
   4.4317930e-01   3.6626284e-02
   4.4687849e-01   3.5583381e-02
   4.5614671e-01   5.8458436e-02
   4.6758705e-01   6.7177179e-02
   4.7083567e-01   6.9481749e-02
   4.7682624e-01   5.9053110e-02
   4.8236975e-01   6.4551667e-02
   4.8491966e-01   7.0470489e-02
   4.9808070e-01   7.4888752e-02
   5.1560648e-01   8.0491124e-02
   5.3008818e-01   6.7024842e-02
   5.4904931e-01   4.7681564e-02
   5.6936476e-01   3.5921264e-02
   5.8989390e-01   4.0094549e-02
   6.0314253e-01   3.6712697e-02
   6.1112116e-01   3.8416224e-02
   6.0910471e-01   2.3354088e-02
   6.1299026e-01   2.9050869e-02
   6.0841110e-01   2.2560678e-02
   6.0265188e-01   3.5835249e-02
   6.0564190e-01   4.2282912e-02
   6.2212466e-01   2.7976978e-02
   6.2892328e-01   2.6577878e-02
   6.4113090e-01   1.9565019e-02
   6.4326102e-01   1.8606258e-02
   6.5766622e-01   1.5699618e-03
   6.5191519e-01   3.4842264e-03
   6.5274990e-01   1.8578316e-03
   6.5261957e-01   1.7837337e-02
   6.6446836e-01   1.7047206e-02
   6.7617933e-01   2.6206388e-02
   6.7831831e-01   3.0945621e-02
   6.8211956e-01   3.8928177e-02
   6.8219591e-01   4.0155192e-02
   6.8964525e-01   3.9708365e-02
   6.8802745e-01   4.3697474e-02
   6.9223979e-01   4.6625374e-02
   6.7855570e-01   5.3127349e-02
   6.9830828e-01   4.6144640e-02
   7.0196466e-01   3.4055190e-02
   7.1229754e-01   3.1942631e-02
   7.3856907e-01   3.9343328e-02
   7.5433848e-01   2.9412385e-02
   7.5182297e-01   4.2488256e-02
   7.7262558e-01   3.2776204e-02
   7.7607441e-01   3.1622445e-02
   7.9297838e-01   1.7542187e-02
   7.8754491e-01   1.3277498e-02
   8.0002763e-01   1.6888711e-02
   8.1232740e-01   2.1094697e-02
   8.2382907e-01   1.5046516e-02
   8.2964806e-01   9.8002528e-03
   8.2729490e-01   1.6952144e-02
   8.3637779e-01   1.9506689e-02
   8.3894528e-01   1.8440558e-02
   8.4003377e-01   9.8910885e-03
   8.4820412e-01   2.4577756e-02
   8.5666805e-01   1.8743124e-02
   8.5579706e-01   1.7239482e-02
   8.5421668e-01   1.0048067e-02
   8.6047499e-01   1.3667246e-02
   8.6138013e-01   2.6231529e-02
   8.6266992e-01   1.3327727e-02
   8.6876495e-01   1.3465150e-02
   8.5708170e-01   2.4693208e-02
   8.6183116e-01   1.7969427e-02
   8.6868728e-01   2.1709031e-02
   8.7136278e-01   1.6243656e-02
   8.7899799e-01   1.4551575e-02
   8.8113175e-01   1.6039763e-02
   8.7952196e-01   1.5593845e-02
   8.8361269e-01   1.0939730e-02
   8.9280114e-01   1.0456463e-02
   8.9182575e-01   1.1200278e-02
   8.9370750e-01   1.1347094e-02
   8.9503087e-01   1.3938691e-02
   8.9426788e-01   1.6817543e-02
   8.9452075e-01   1.5922341e-02
   8.9150529e-01   9.6265566e-03
   8.9933674e-01   9.8648576e-03
   9.0000381e-01   1.4896273e-02
   9.0113755e-01   1.2948031e-02
   9.0208201e-01   8.5356947e-03
   9.0745569e-01   7.7931714e-03
   9.0880833e-01   3.7208334e-03
   9.1083379e-01   3.3891910e-03
   9.1236763e-01   5.5514449e-03
   9.1261463e-01   9.5255428e-03
   9.0960051e-01   1.1451880e-02
   9.0980607e-01   9.0228827e-03
   9.1428367e-01   1.6850644e-02
   9.1234531e-01   1.4721638e-02
   9.0812330e-01   2.3846587e-02
   9.1143934e-01   2.0195271e-02
   9.0903770e-01   2.3738607e-02
   9.1078036e-01   2.1312160e-02
   9.0755810e-01   2.7875332e-02
   9.0599108e-01   2.8584717e-02
   9.0927041e-01   2.2887496e-02
   9.1651541e-01   2.1154271e-02
   9.1347906e-01   1.9977228e-02
   9.1548600e-01   2.0714973e-02
   9.0901355e-01   2.2320680e-02
   9.1271002e-01   1.7891880e-02
   9.1189657e-01   2.1217535e-02
   9.1536446e-01   1.8827042e-02
   9.0831434e-01   2.2637102e-02
   9.0656607e-01   2.9865273e-02
   9.0107122e-01   3.5841224e-02
   9.0010307e-01   3.0863355e-02
   8.9431928e-01   3.8535249e-02
   8.8514589e-01   4.5623532e-02
   8.7639095e-01   5.5560587e-02
   8.7098978e-01   5.4410754e-02
   8.6878534e-01   6.2449562e-02
   8.6985301e-01   5.9893048e-02
   8.7933494e-01   4.3320588e-02
   8.7426377e-01   4.6137450e-02
   8.7522867e-01   4.1059852e-02
   8.7583806e-01   4.5147609e-02
   8.6414572e-01   5.1595193e-02
   8.5413077e-01   5.6888827e-02
   8.4786941e-01   6.5488149e-02
   8.4181979e-01   7.2881728e-02
   8.3853114e-01   7.3988958e-02
   8.3500782e-01   7.5533306e-02
   8.3990209e-01   6.7332064e-02
   8.3478126e-01   6.0902381e-02
   8.2243521e-01   5.2569865e-02
   8.1584087e-01   4.4043654e-02
   7.9538987e-01   5.1239722e-02
   7.7018692e-01   5.7444834e-02
   7.5296815e-01   5.9513458e-02
   7.4889847e-01   3.0232763e-02
   7.2823812e-01   2.6211512e-02
   7.1401888e-01   3.1179875e-02
   7.0832030e-01   2.0810704e-02
   7.2795364e-01   2.2130259e-02
   7.1535548e-01   1.7543472e-02
   7.2456554e-01   2.5799171e-02
   7.3195671e-01   2.1395792e-02
   7.2647441e-01   1.4712224e-02
   7.2084707e-01   1.3344217e-02
   7.2401124e-01   1.6808057e-02
   7.0709728e-01   3.1899703e-02
   7.0067877e-01   5.2673240e-02
   6.9337425e-01   5.0746545e-02
   7.0685205e-01   4.4063818e-02
   7.0954508e-01   3.8155503e-02
   7.1190649e-01   4.5186064e-02
   7.0668087e-01   5.5461053e-02
   6.9629054e-01   5.4433037e-02
   7.0236732e-01   5.9314151e-02
   6.9477375e-01   6.1060220e-02
   6.9059986e-01   7.4092172e-02
   6.9269031e-01   5.3059229e-02
   6.9189110e-01   5.7489770e-02
   6.7449313e-01   5.4836741e-02
   6.7566658e-01   6.6063584e-02
   6.7560999e-01   4.6316645e-02
   6.6445393e-01   2.6470583e-02
   6.6073423e-01   5.5950035e-02
   6.6683944e-01   3.2907213e-02
   6.3969212e-01   4.8118599e-02
   6.5597069e-01   1.0266477e-01
   6.7228816e-01   8.5079459e-02
   6.6708938e-01   9.2096070e-02
   6.6697061e-01   9.1543945e-02
   6.7093189e-01   9.1940106e-02
   6.7210090e-01   9.4443676e-02
   6.8794736e-01   1.0206123e-01
   6.9149941e-01   9.9553311e-02
   6.8162290e-01   1.0418539e-01
   6.6665488e-01   1.0459760e-01
   6.6643635e-01   1.0424116e-01
   6.6446893e-01   1.0546107e-01
   6.5872257e-01   1.1403564e-01
   6.4311939e-01   1.1566528e-01
   6.5187252e-01   1.2677134e-01
   6.4817815e-01   1.3735109e-01
   6.3945600e-01   1.6859566e-01
   6.5552520e-01   1.5338683e-01
   6.5513015e-01   1.4001810e-01
   6.5479630e-01   1.5185403e-01
   6.5274143e-01   1.4887903e-01
   6.5479289e-01   1.4830506e-01
   6.4702800e-01   1.3331277e-01
   6.4683788e-01   1.4819975e-01
   6.5162406e-01   1.3794983e-01
   6.5193046e-01   1.2551415e-01
   6.5895728e-01   1.2623808e-01
   6.6320054e-01   1.2208333e-01
   6.7816845e-01   1.1248437e-01
   6.6679510e-01   1.1058008e-01
   6.5438057e-01   1.0319063e-01
   6.4225762e-01   9.8213705e-02
   6.3782238e-01   1.0476555e-01
   6.4667950e-01   9.9228412e-02
   6.4693483e-01   8.3258506e-02
   6.4305841e-01   9.3473343e-02
   6.4324721e-01   8.9227925e-02
   6.3526456e-01   8.5759270e-02
   6.4450672e-01   8.9415075e-02
   6.4810504e-01   9.7184450e-02
   6.4945046e-01   9.6214301e-02
   6.3825970e-01   1.0191231e-01
   6.6281823e-01   9.9366681e-02
   6.7010254e-01   8.7805329e-02
   6.7053142e-01   8.7908929e-02
   6.6834030e-01   8.0551340e-02
   6.6164818e-01   7.8014528e-02
   6.6910941e-01   7.5390226e-02
   6.6229992e-01   8.2030442e-02
   6.6125481e-01   9.1043753e-02
   6.6850134e-01   8.2760187e-02
   6.5505495e-01   7.4973623e-02
   6.3648450e-01   7.8114062e-02
   6.6205180e-01   7.8357289e-02
   6.5926421e-01   6.3687894e-02
   6.6085489e-01   6.8496403e-02
   6.5357118e-01   7.9897326e-02
   6.5306342e-01   8.3078762e-02
   6.5585200e-01   7.6699854e-02
   6.5470129e-01   7.1987763e-02
   6.6492833e-01   7.8271464e-02
   6.5633300e-01   6.4359197e-02
   6.7134201e-01   6.5941955e-02
   6.7040937e-01   6.5276739e-02
   6.7267014e-01   6.9120396e-02
   6.5349399e-01   6.5177057e-02
   6.7237241e-01   6.7578256e-02
   6.6142509e-01   6.4589907e-02
   6.5599527e-01   8.5331179e-02
   6.7035032e-01   6.7462029e-02
   6.6983430e-01   6.6457326e-02
   6.7406278e-01   7.2927830e-02
   6.6985890e-01   6.8108843e-02
   6.7002063e-01   7.8790135e-02
   6.7240190e-01   6.8742178e-02
   6.7178745e-01   7.1894616e-02
   6.6241034e-01   7.5058007e-02
   6.6233754e-01   6.7968733e-02
   6.5529175e-01   6.9985927e-02
   6.5205760e-01   6.4910587e-02
   6.5333911e-01   6.9971429e-02
   6.4898092e-01   6.0815034e-02
   6.4746680e-01   6.7098214e-02
   6.4783493e-01   6.8554560e-02
   6.4712625e-01   7.2283522e-02
   6.4798837e-01   7.9271498e-02
   6.4376118e-01   8.8665557e-02
   6.4672453e-01   1.0348658e-01
   6.3781764e-01   1.1006496e-01
   6.3341959e-01   1.2355808e-01
   6.2129537e-01   1.2247869e-01
   6.1873538e-01   1.2367310e-01
   6.1348515e-01   1.3346490e-01
   6.0989887e-01   1.4768377e-01
   6.0472949e-01   1.5587424e-01
   5.9781937e-01   1.4657879e-01
   6.0313848e-01   1.7220633e-01
   6.0881061e-01   1.4799039e-01
   6.0854017e-01   1.2968584e-01
   6.0977279e-01   1.3247175e-01
   6.0392229e-01   1.3275984e-01
   5.8969571e-01   1.3341465e-01
   5.9570592e-01   1.4141402e-01
   6.0807517e-01   1.2576823e-01
   6.0854313e-01   1.0713600e-01
   6.1769656e-01   1.1217438e-01
   6.0558624e-01   1.0415560e-01
   6.0589841e-01   1.0193305e-01
   5.8506900e-01   9.9989178e-02
   5.9982427e-01   1.0742262e-01
   6.0188308e-01   9.8067283e-02
   5.8692092e-01   1.1952034e-01
   5.7859218e-01   1.2159683e-01
   5.7022507e-01   1.1245200e-01
   5.6720732e-01   1.1398663e-01
   5.6297446e-01   1.0366356e-01
   5.6473660e-01   1.1337223e-01
   5.4741241e-01   1.0988641e-01
   5.5654603e-01   1.0459250e-01
   5.5247120e-01   1.0406247e-01
   5.5285694e-01   1.0254944e-01
   5.5195162e-01   9.4255005e-02
   5.5614760e-01   9.5422596e-02
   5.5715457e-01   9.5735123e-02
   5.6472555e-01   1.2631437e-01
   5.7804873e-01   1.1121421e-01
   5.7548741e-01   1.0895106e-01
   5.8751327e-01   1.0722931e-01
   5.8164409e-01   9.6403880e-02
   5.8838793e-01   8.7836738e-02
   5.8985215e-01   8.7820804e-02
   5.9575611e-01   6.6376140e-02
   6.0907155e-01   6.8047860e-02
   6.0979523e-01   6.8875406e-02
   6.0426371e-01   7.7595284e-02
   6.0036090e-01   8.2101397e-02
   6.0568910e-01   6.4827765e-02
   6.1664348e-01   6.5332830e-02
   6.1036710e-01   6.5875244e-02
   6.0636928e-01   5.1102231e-02
   6.1274938e-01   5.4448886e-02
   6.1392810e-01   6.1420372e-02
   6.3362898e-01   3.4198893e-02
   6.3715868e-01   3.2122145e-02
   6.3902370e-01   1.6023264e-02
   6.3846862e-01   1.3306948e-02
   6.4940959e-01   1.8102534e-02
   6.4239330e-01   2.3512579e-02
   6.3850838e-01   2.8736597e-02
   6.4211529e-01   2.2096700e-02
   6.4407068e-01   1.4047946e-02
   6.5622503e-01   2.0490185e-02
   6.5926038e-01   2.3810948e-02
   6.4899245e-01   1.9918498e-02
   6.5800088e-01   3.3880724e-02
   6.5205491e-01   3.7720075e-02
   6.5459290e-01   3.9424044e-02
   6.5493441e-01   3.1043464e-02
   6.4889842e-01   1.8263140e-02
   6.4900714e-01   3.0287296e-02
   6.5138903e-01   2.8920497e-02
   6.6083287e-01   2.0113596e-02
   6.6163283e-01   2.9890957e-02
   6.5477530e-01   2.4339810e-02
   6.4761943e-01   2.8052141e-02
   6.5329816e-01   2.6816148e-02
   6.4598596e-01   1.9866071e-02
   6.5257635e-01   1.2690988e-02
   6.6955956e-01   2.9613108e-02
   6.7379784e-01   2.7229678e-02
   6.7869371e-01   2.2042759e-02
   6.7719230e-01   2.7119154e-02
   6.7578475e-01   3.1379728e-02
   6.6422957e-01   5.2914968e-02
   6.6212122e-01   5.1860099e-02
   6.5885948e-01   5.9767604e-02
   6.6036135e-01   6.1901663e-02
   6.6134718e-01   6.7797004e-02
   6.5929715e-01   5.4270570e-02
   6.6177092e-01   6.0159571e-02
   6.5079928e-01   6.4011132e-02
   6.3958646e-01   6.7729262e-02
   6.4191218e-01   5.9006351e-02
   6.5038222e-01   6.1844568e-02
   6.5827208e-01   6.0203792e-02
   6.5736561e-01   5.9767973e-02
   6.5423626e-01   4.9653382e-02
   6.6010424e-01   4.0644955e-02
   6.7134084e-01   5.6391064e-02
   6.7640120e-01   5.1527195e-02
   6.7973645e-01   5.9711712e-02
   6.7949504e-01   6.4299685e-02
   6.7843278e-01   6.4709892e-02
   6.8804173e-01   8.5604784e-02
   6.8242471e-01   8.5989620e-02
   6.6878065e-01   8.4090455e-02
   6.7468578e-01   1.0704140e-01
   6.7811091e-01   1.1054045e-01
   6.7415739e-01   1.0834363e-01
   6.6712031e-01   1.1123055e-01
   6.6058677e-01   1.1023806e-01
   6.7106316e-01   1.1055979e-01
   6.8559906e-01   1.1305773e-01
   6.7796357e-01   1.2132594e-01
   6.7241540e-01   1.2660886e-01
   6.7357949e-01   1.3839417e-01
   6.8459790e-01   1.1528500e-01
   6.9586165e-01   1.0635188e-01
   6.8691357e-01   1.0233990e-01
   6.9566723e-01   9.6484555e-02
   7.0319942e-01   8.8426113e-02
   6.9568207e-01   7.9112430e-02
   6.8746920e-01   7.3349611e-02
   6.9887359e-01   7.9202265e-02
   6.8985357e-01   7.0151631e-02
   6.9123635e-01   7.6078569e-02
   6.8455801e-01   8.1316495e-02
   6.7684936e-01   7.3925138e-02
   6.7979369e-01   7.3979978e-02
   6.7367900e-01   6.3955437e-02
   6.6005392e-01   6.9310462e-02
   6.5458415e-01   4.2430709e-02
   6.6492542e-01   5.9451380e-02
   6.6307072e-01   5.4622142e-02
   6.7414971e-01   6.6974280e-02
   6.7255154e-01   5.8516596e-02
   6.8334941e-01   5.5356721e-02
   6.8269968e-01   5.9502375e-02
   6.8203618e-01   5.6262026e-02
   6.8500959e-01   4.8459113e-02
   6.7983078e-01   3.9649432e-02
   6.8892529e-01   4.1420027e-02
   6.7581057e-01   3.9866321e-02
   6.6704732e-01   3.3345653e-02
   6.7010856e-01   4.7876382e-02
   6.6298787e-01   3.9493845e-02
   6.6282220e-01   4.3005148e-02
   6.5131310e-01   3.6964572e-02
